0,1,2,3,4,5,6,7,8,9,10,11,12,13,14,15,16,17,18,19,20,21,22,23,24,25,26,27,28,29,30,31,32,33,34,35,36,37,38,39,40,41,42,43,44,45,46,47,48,49,50,51,52,53,54,55,56,57,58,59,60,61,62,63,64,65,66,67,68,69,70,71,72,73,74,75,76,77,78,79
0.0,33.97635756645208,26.870429278883556,22.88009449468639,30.42277696758654,24.51956488249779,25.8454975088299,24.539107751845187,30.926676084700333,28.2258631449753,31.04313336676591,28.33633403151249,32.57796027174255,31.27227686624352,28.53276308951504,29.501581282893667,27.708252639907254,28.682771331114818,30.959952610285963,33.01461574039049,26.607124573543903,21.926361666799117,28.164050945824094,21.07449175148716,32.05780556080527,27.31827455002693,27.78172010066047,27.790428419319557,23.619625910978368,32.56581838311751,30.407439705231003,34.060824305334215,25.735549504849917,35.223239281180184,25.520700650359565,30.52263649269043,23.404916164814953,25.82045849246624,29.53572608229829,31.081272212830694,21.366172971850528,28.053795321185994,29.176524223124222,28.860725467606287,19.691114120162794,24.31246746860812,23.8775772519713,27.24407216625265,19.906161355508598,20.829301264259456,19.971025096256053,18.386768348679766,27.783343849824355,20.751768681459687,23.713741565334708,22.70116218325081,20.672307846299656,25.385015318570822,20.84898903467312,25.000038624988463,25.446842077203332,19.7740251198415,20.237616246290045,19.861153833114145,22.690531786022387,17.453936171285882,19.609818214243038,24.881435888501976,18.331358273340438,18.072116573327673,17.718450662889175,25.619983143202475,17.698775848763436,20.91115198909472,18.551238381352416,25.62570871577107,20.35234417256384,22.96608528770975,21.6161240094637,18.567979222424004
33.97635756645208,0.0,30.180243915794367,25.585307624373026,29.088056330593616,25.18426215731617,26.72117152241552,26.876059041789883,29.22012718057508,27.97873812526087,34.58659851500432,30.96973975739587,30.833759662108527,33.37527102294903,27.12240190337676,28.53006803993295,25.8223612363575,29.213545123207926,31.65895669734534,28.846365126702096,27.003874175484857,20.3189016552016,25.224476843853402,21.077286525148345,27.190999677112274,26.83843305802044,28.1776763148596,25.106335795763794,22.22231456491171,28.900261918582757,30.590298599805045,32.28533526216351,28.817306888715745,26.41935061349586,23.698841607130955,25.490155178502864,22.731513999968023,25.289093290190756,28.61666479330461,33.81502961044095,24.03971159200204,29.780055281569126,27.464182597522647,28.666088323020674,21.778565330764522,24.323510046427593,22.026354128689853,26.48003229646122,22.690785761394704,18.975698375041066,22.79106333665229,23.06586241287531,27.894464125244454,23.023542669088567,21.297131455253282,26.42271513087702,21.601793516217512,24.375759428459048,21.829555787331703,24.737868301918322,26.7350117250502,21.15937503565716,19.041013165644227,18.6720386899101,20.669796676757674,20.835865999092746,16.943041319863305,22.375662938456607,19.645406831379933,16.38413780211052,22.07335746262694,25.407544328630262,18.918918135440048,22.54795082531592,16.984881830370522,26.25700853429371,20.379497920485573,21.300053231124064,22.142324844680914,18.701493968464057
26.870429278883556,30.180243915794367,0.0,22.596170331796714,26.291309457048598,24.495409677723323,25.19230666817278,25.581416394408503,29.087483162563245,26.583861046567502,27.549405279586903,28.59128212735882,27.886762239207425,29.633081702977186,28.20427258433672,29.88194946253483,32.13687897723502,28.38234469145881,25.889900751118077,27.104099264402155,26.814388246923738,18.940260804728574,27.133745990715976,23.53925391916919,26.675015213042336,26.13427574608797,25.846843364809793,26.693775300016174,25.213001353120756,26.940439250075507,29.140472152279695,28.077152186015294,28.320449004751616,26.04262635361116,22.568395835204164,29.54862003484655,25.67367244489631,26.93918521401902,23.871036940330264,27.56771530392613,23.218801815314727,30.619593638957415,29.480672917974974,33.21126582254836,20.291092484792756,25.22714083560582,21.54325833428355,25.959516206330363,18.944076101449806,18.876627431693638,19.244677593446966,19.585573318721366,26.872557021765477,23.753927109291173,23.175698719046974,24.8547211962766,21.99869354035582,25.421603355963057,20.948032497879993,25.678773584540956,25.803378933362577,20.098558927154265,18.814975569278158,18.11552397958088,23.063411532949292,18.05563017595836,16.860242191640186,21.954706253857484,16.53184644931907,16.951194795162266,21.39610215318109,24.73565440030111,20.35462196646599,20.028923204304654,17.909281967449367,25.101042415679863,18.57658322595684,25.46315503940713,19.50705914315084,18.04976995757101
22.88009449468639,25.585307624373026,22.596170331796714,0.0,22.639881346614004,26.203324752676508,22.325145971320104,24.0873222438076,23.973916183360537,25.920979612061497,25.549844985963986,26.3088526967634,24.77293772538423,21.57459295727209,21.63432973273514,25.004399406359887,22.87262074901448,24.29398660157756,23.58030857201386,25.93929807289946,23.29710773575448,20.36138984718868,26.28641488940054,20.508765146221865,24.932795324183985,22.537552325197847,24.496508018328203,23.987881167448876,20.677338941789262,27.008764090042856,25.33420527346751,26.913040460760918,24.97710934346306,24.2546300576146,22.16529515429951,27.389487154768602,27.097614321157558,21.41130251584296,25.35857175982403,27.28382050740518,21.560643403448385,26.697631936722768,23.841429478043917,26.640035411550627,19.437042498278174,23.600955484892474,21.98813022664389,27.897593449309163,17.907785108374508,20.88765143123266,22.54286085026088,21.920883987581668,25.59319652939973,23.756854475720726,21.723446934588203,26.953583420273166,21.942931172158403,23.658362012910604,21.95342234149969,23.781603101980394,25.14895767682907,15.414020781736395,21.043799849310084,17.75689826251496,23.65490553188317,17.15655321708441,17.358410035684134,22.71413358494137,17.925126384856725,17.356638840339084,21.82285183935914,21.19635302131785,18.583857501624447,20.733903176002023,17.80546453988757,25.009277735139108,20.233483011073066,23.843790767250397,20.650207893706348,18.52690834704333
30.42277696758654,29.088056330593616,26.291309457048598,22.639881346614004,0.0,22.605424783749942,27.106701182278883,23.56314557627293,24.593151606887623,29.673602573972225,28.578173207248078,31.98160126616647,29.969127954838733,32.582036508651925,27.86749569882981,28.402251264022503,30.920245810282623,28.86632934165254,27.994770898749884,29.488583562231632,28.890602792613514,19.268443133533736,29.556491451415713,20.749523218794064,31.371570378497612,25.672771412867586,28.44704743378379,23.5881738146862,23.316464126493134,30.01094503729395,28.66331929186998,31.30950004054578,25.85489808043232,29.831272824828766,19.60685974255374,29.2038466154964,21.77185120819495,25.01350955394691,26.943521241611535,31.77048687261802,21.612713491385385,29.10016066247589,28.095063901270063,27.029407191451497,21.730138625973975,22.84662881044726,18.315181372996463,24.22766887025645,17.610974216812885,17.35603835321843,21.815040179570786,21.63106214603793,23.611624231408168,19.420952114878318,20.116131427249094,26.476361224582988,20.24071784832227,24.438685771687904,20.831718577316913,19.405572739060837,24.240155583771543,19.8405097751308,19.99130770946247,17.01872110492114,22.209793005331075,17.848706104234402,18.504265683863203,19.502423635103405,18.614439002579786,15.631283256094889,22.90233915797435,21.260014732663066,19.167680088613338,20.309160546034835,16.181323525522856,24.578871808233455,19.498052730871535,19.652515407610842,21.940929745198765,17.799646070337342
24.51956488249779,25.18426215731617,24.495409677723323,26.203324752676508,22.605424783749942,0.0,27.817863826532648,23.703160122126985,26.028652363648483,23.28921587510766,25.98759488070894,23.628307538237117,24.45607943902498,25.393613904248234,22.184723696810895,21.90849559204916,24.04694253415617,24.84678374470523,25.69264452604846,25.303358694525368,27.48394923327536,23.567038191755625,21.32970372424495,21.77927948733504,26.350376423213824,24.789755085155594,22.745213831896667,23.530910620298506,24.992398772171903,24.571075881165505,25.975604240727428,24.191909418341837,23.88417446769808,23.786218032696446,25.746820267358817,23.4902056872434,22.76900619313483,25.4072995691468,24.97216735167207,22.50792217327366,23.546020107683905,23.03119051085028,25.752606709802215,22.40522950087377,18.522744835224298,23.754241340970474,21.77548685366112,26.837550564507282,22.02836815817415,17.45769347284277,21.99235074054993,22.67220810486011,25.79259969548931,20.7868064273993,21.824438400114666,22.2083482160369,20.406558103169623,24.18447158743438,22.02795254711433,21.122192880704077,26.984506334794915,20.670751255771606,20.495059854619864,16.781502374245207,24.259989767521827,19.312692908259915,19.43693013167448,20.573585850455903,18.79427119016297,18.1554754956096,19.81648558586165,23.174015848854438,20.301838951839642,22.58714827422157,15.187050472028181,23.71949985527889,19.679749449952553,22.623048423350408,22.510290504068095,19.95159022336838
25.8454975088299,26.72117152241552,25.19230666817278,22.325145971320104,27.106701182278883,27.817863826532648,0.0,26.409070082466666,25.675292046818317,22.793287398733543,27.70841087689555,26.314481223998232,24.214187487074483,27.206222120086892,24.226377075482453,29.80882548483086,26.992164228679133,26.752562583732118,27.251757308838485,24.855345503017883,23.251638123707032,18.480116541350963,28.132606087200173,21.166902533157035,21.411781263770568,23.086803874093935,28.33644330514819,24.542996931060365,19.61593675174364,25.204825876041895,26.8153765253875,29.665704878215262,28.265824767658934,24.685973404722205,26.67838068282255,26.60999328233998,24.749478235966013,25.000440960444678,30.191428252253093,30.574305419386423,23.385721200792695,28.283927339735254,24.85404391349312,26.50248726155285,18.861204471309335,24.200355503310018,20.863816819224272,22.855547606270843,18.232541250972197,19.37922517302815,21.169003812427682,22.370250653313313,26.63394909653412,22.88813615091573,21.591478466572557,22.85587890080005,19.85236258280136,25.054255113698762,20.436470400977566,25.086375436308465,22.76368352445189,17.684351991889244,18.473042472970718,18.39807334857656,21.866006943963114,19.271695260963398,14.690359817632482,23.37656215691258,16.13981199276234,15.023135520916016,23.822945934045993,25.082454410122914,21.351478925143784,20.647026417794933,19.252234075055913,28.345275017595835,19.046065239149858,26.932817692920757,20.376873064091367,18.470251606924176
24.539107751845187,26.876059041789883,25.581416394408503,24.0873222438076,23.56314557627293,23.703160122126985,26.409070082466666,0.0,27.821720792845742,25.27378926938178,25.92829965387066,30.161868189928768,27.666410029475134,28.71811324265276,27.834366363133633,26.633207890405977,27.204690773602632,28.941492427973884,29.374317407973116,26.51594092010884,28.768537824987675,21.34846080911172,27.703302476216134,21.04406156595845,29.813001996355453,25.825181267009917,24.376913003088507,26.54715295608264,26.108155752860707,23.93047636664195,24.499459014782406,28.102797596512247,29.18521724899047,27.603267757397266,24.595127958833263,27.566754419817833,23.162596617628864,21.948720510121966,22.731147710551934,29.237110629704503,22.444473046354986,30.973049223990156,30.013139703126967,28.09262755752724,20.427725213482468,24.87082639210186,19.03850423781811,24.420759181840047,20.632603936074503,18.514292496407563,21.412007609074177,21.56135185585884,26.402354136902865,22.196952015068288,21.17848754694181,25.033308557765118,21.21324814950689,24.703491513438134,22.523816225263516,25.623508566074843,24.238597763663282,18.81876488570666,20.511997318895762,17.734187081893,22.706144503809202,17.577479407891403,17.49388095972666,22.24700757543632,17.93202492867428,17.13064907085648,20.026999363886247,21.691988627451867,22.015365938134835,20.98461152796897,17.525694668738097,23.467471618768712,18.52306342502554,22.69404736001936,22.290311051044817,20.160329988721074
30.926676084700333,29.22012718057508,29.087483162563245,23.973916183360537,24.593151606887623,26.028652363648483,25.675292046818317,27.821720792845742,0.0,28.210566237909898,26.296171213429105,30.923258814286854,30.767713953251786,30.524603634340444,27.984762964735246,28.193428674289365,28.74395238427523,28.591771116497497,27.851884122796275,25.09628213304203,27.42421509218718,19.62246177478058,26.327867757393403,22.788487373675963,26.90817627333215,27.135523138675456,27.192735017511428,25.38911033466551,23.856319115021666,27.976036526240318,27.473761096217984,31.084328637424935,28.404385036072238,26.31409870789913,20.083264057216812,26.217632773875046,23.301642024159108,26.050791767770594,28.802955566306398,30.62334441998425,24.779983789900427,29.460080803334268,29.315414135754963,28.78641653278417,21.522541190649854,23.13478379958995,21.099375367789417,25.44416192968694,20.93959069342189,20.243229207836112,21.300937415489045,23.815529683562946,27.577796883039067,22.414462717810615,18.661355588611432,26.35863733202813,23.185486890310205,24.81372559303239,18.532240857272935,24.352118054360787,20.99545826070745,18.432307638135693,18.365523586969346,18.54970092148109,21.95496138837785,18.960844617851222,18.487752699760023,21.4846471294248,17.70666397958268,12.163736413022239,26.53028510833177,24.008980306823386,19.415957543167274,18.482447122638916,15.974264165198125,27.586655554710426,22.502631999760315,24.178211873605896,23.725739735235624,20.47715554704925
28.2258631449753,27.97873812526087,26.583861046567502,25.920979612061497,29.673602573972225,23.28921587510766,22.793287398733543,25.27378926938178,28.210566237909898,0.0,30.63417680482024,28.99909080317471,26.771089947999766,30.626152703915377,31.137938448873857,30.386339439716092,30.19052353508534,28.829727849811825,29.345774419726403,29.674020904633228,25.03372806064402,18.3379155028788,22.58291836490465,23.37133702643753,26.62694614557508,26.72006003697459,24.76934564085437,25.391418407711974,21.843003085717683,25.570315407722763,29.454452092765067,28.84260966585204,30.878324617542557,30.046187594340495,25.210394630442458,26.520684937836023,25.150903218798934,26.40876986775966,29.11584331321794,30.875864787701286,22.749550753199202,25.314682634816357,28.87299764440207,30.8363180069993,20.030383580856007,23.562228522043384,22.862604494150478,27.314589694757295,21.923323913804776,21.36465886172338,22.716682697491684,23.049974012910397,27.412960276276547,23.067431986722998,22.912866166538333,25.489802941365106,20.378828917173298,25.395850280992914,20.280013220808936,25.562304084180965,25.384136168603792,18.65464924261284,19.255405847044347,17.031857538480715,22.951791750539325,19.228010782507077,18.1016050909943,21.97745094625571,15.958377545296843,15.271325575888598,24.760396875898472,27.752410009604677,20.46012879381801,21.689900679475024,16.28436189296198,27.715459951323343,21.014124565333876,26.749342256664978,24.1524663077371,20.27600960519835
31.04313336676591,34.58659851500432,27.549405279586903,25.549844985963986,28.578173207248078,25.98759488070894,27.70841087689555,25.92829965387066,26.296171213429105,30.63417680482024,0.0,31.563328682215072,35.16688042783711,28.125003791551038,27.684495240865104,24.627049098772233,30.748079237193853,32.53935842830832,31.277854273153245,34.56545977378145,24.156273963515833,22.761304777065877,26.89108610197323,24.858575701093006,27.803766466149572,29.146528024056565,26.504054112844713,26.444258446375756,23.812636955826346,33.35023788463644,26.63338392493304,33.38723224787627,27.876973410383815,24.476738820058753,23.249501553767466,26.161733244792913,25.890473587964973,24.855743543690622,26.963777780588796,29.513960681371454,23.48203775006213,29.997423783730177,30.45048777820837,27.898184800662236,20.10552332114546,25.04553332999948,22.49739548629628,25.796040459893746,20.835861440051175,22.55306897990664,21.883374780615476,22.64134883995878,26.547911319243553,22.776854785646897,21.95939859025625,24.75045761628235,24.443734748126857,23.012478610518613,19.93436339319874,26.20712483187287,21.763649667657983,19.641989666080317,21.9422333805684,19.05552564283769,22.239485727689694,22.63722402167987,18.99936012840688,25.706626359211743,18.097560871215755,19.092806082986577,22.929664330252216,24.024795123471105,20.71585414125265,21.328655730502238,18.272021488318185,23.34312744284801,22.318212636254653,24.821701211094133,23.902234429337607,20.174457085589573
28.33633403151249,30.96973975739587,28.59128212735882,26.3088526967634,31.98160126616647,23.628307538237117,26.314481223998232,30.161868189928768,30.923258814286854,28.99909080317471,31.563328682215072,0.0,34.6146309158738,31.662917496035256,29.321722063828172,25.8583607623513,29.62562098670795,34.9512942911001,36.499888364199315,35.877566057673405,25.05252586751379,22.26101324171645,26.912625663853458,21.530667000043827,27.894350703508533,27.343749350563698,29.501907735673147,26.553377420624745,24.110650232672377,33.86783632590182,31.526321487625186,34.67291428404978,27.297970921427233,29.532118634312102,26.109245278604295,27.2419900106504,26.796147931064116,29.3757646679993,28.57319094234631,29.998383125530705,23.932594656019372,25.613581015332258,29.46140973747032,28.10732684029756,20.604135767582918,24.519620621966425,23.164246942190694,28.52726399602198,21.441965999033055,21.559460705042287,21.62541510335406,20.83004440939079,27.70006011331726,24.59540677326877,21.921139820071726,24.671948103048145,23.440546824009264,23.95520275164325,22.929802744618762,26.2547159183381,26.354076670492503,20.976431648101304,21.35467273328527,19.394857054182413,21.02562620836816,22.15364202492287,20.91523945594006,26.787992751644747,18.627079771259467,18.275274431695586,23.38793114431725,28.856705584408484,20.799731574626218,24.221309284157154,17.307555237125218,25.36387616819106,22.704624494556203,23.726753532299657,24.522195940243453,20.228839654376753
32.57796027174255,30.833759662108527,27.886762239207425,24.77293772538423,29.969127954838733,24.45607943902498,24.214187487074483,27.666410029475134,30.767713953251786,26.771089947999766,35.16688042783711,34.6146309158738,0.0,32.86550554738317,27.548164318136724,31.408853013296955,32.25581323735051,37.67283153458434,36.82533230606934,31.313079730881647,23.3421942104079,21.48768716070864,24.91349104460685,22.56812938667121,29.437297804841016,28.071955758677344,27.47421785318694,25.139958045801883,22.479378140163778,30.552059414050092,31.319299046777207,30.32259183453508,29.837134778038802,25.19958092057734,25.811177963353988,26.730741418066515,24.738362778588325,24.33917511475957,30.50194070360404,29.82664349727109,26.013371593536352,25.760179647497708,29.166529310586853,31.48888088476876,23.34460196024811,25.339303886154465,22.330176910265823,27.471771247720273,20.05997758840671,22.399993480347035,24.784895294795156,25.790500197370175,27.900959073431462,24.984959811262424,23.654998220682256,24.678633983410318,21.87101540075322,27.21339704785142,22.803567664276336,24.53771326560615,24.603474805008414,20.227406923139487,19.57605916283086,16.54490686737622,22.703875773571344,21.807161446679036,19.916162302563478,18.774787717709515,17.002332986147593,12.932653360318819,25.853222581709314,26.164647757210723,21.89425832631817,22.691902114250876,15.325412179233556,26.109265453895524,23.172166316988097,22.023780165913895,23.004770756750613,20.50679634553515
31.27227686624352,33.37527102294903,29.633081702977186,21.57459295727209,32.582036508651925,25.393613904248234,27.206222120086892,28.71811324265276,30.524603634340444,30.626152703915377,28.125003791551038,31.662917496035256,32.86550554738317,0.0,28.905874185758638,27.65839919670425,30.016030197428158,30.474612221014056,31.30480816528436,33.91824280152175,24.088218906762542,23.510009575609928,27.98470013530869,24.375936186008005,29.191544725251706,29.52419172058425,29.83317668647141,27.993908049307233,24.191780140003743,35.194697536026915,28.925584842450455,31.520774262730153,30.489696236693955,31.47146211482182,25.267802849427234,29.28325876368942,26.538643418226552,27.569232506213478,28.01171684614604,31.150498022268547,22.465029095813193,25.566536966951197,29.786617525790096,29.089974380411224,20.598349315884157,25.2289971327545,22.757595258181976,26.616788863700435,19.318824358009568,20.975952277117585,21.25484650274558,22.730311114284834,27.21855692024591,24.640276890918116,21.72283557969594,24.69719384632368,22.016920208808468,21.051694813937594,21.032590011698566,25.514040315025944,24.84517224287413,18.446532214522907,20.57397650008751,17.50563011405683,20.64730683533402,18.51555199813822,20.022564107830178,20.38977299346474,16.1090484819203,16.429487032805447,22.898670251940832,21.877445985790935,20.260786555468634,22.684408211361742,16.42042007154422,26.476179065156963,20.11408556419444,23.090057996920038,24.34537881972731,20.108095644864477
28.53276308951504,27.12240190337676,28.20427258433672,21.63432973273514,27.86749569882981,22.184723696810895,24.226377075482453,27.834366363133633,27.984762964735246,31.137938448873857,27.684495240865104,29.321722063828172,27.548164318136724,28.905874185758638,0.0,26.344089264768932,27.072900047042577,26.66014406800196,28.828331424095815,28.314903961777517,29.315081776912194,21.545256470198186,27.445895721160497,23.113031760618732,31.52847520625256,25.860793680046424,29.071549429693224,27.453683823989746,26.172780482859842,28.97894459130923,25.743412750313333,31.285294988540755,30.38488217720767,29.303946683511946,22.4953999374649,27.09320187174692,24.831402993998367,27.39525950304261,30.83929592505327,26.82446498450305,22.364133153695764,29.460866932056756,29.76595221281653,30.790097908785224,18.792474997326934,22.742133834722285,17.24595224147576,27.94241312825047,22.391035970425445,18.799479202062173,21.557613112957632,21.96372898295937,27.8635401881766,19.961808329099465,18.408342033585914,25.250084887106393,17.814928730393632,21.478066663549306,20.343069279125846,24.526808175520863,24.98203569952084,18.065486193404844,18.03090026508807,16.94857889159166,22.560282921806955,20.655401718297284,19.362101175180452,24.35460122530616,16.799998500773103,17.826517579195432,20.2526358524462,24.74885598718937,20.615228759777715,22.843938501364764,18.058482777140927,24.27600001293598,18.09775575823288,23.661601392555347,21.22639238672168,18.833450284544803
29.501581282893667,28.53006803993295,29.88194946253483,25.004399406359887,28.402251264022503,21.90849559204916,29.80882548483086,26.633207890405977,28.193428674289365,30.386339439716092,24.627049098772233,25.8583607623513,31.408853013296955,27.65839919670425,26.344089264768932,0.0,30.259915904499962,31.24025701034181,28.413331938535478,27.43369379310462,28.23400669630268,22.793410686711567,26.040556315292324,22.807375031636383,33.651919412869844,27.618443299665557,28.794312284292932,27.90623186366367,25.393168542550804,33.277542236394446,28.71845168657251,29.951247778933137,26.895979919623915,24.132267725394094,22.434781690435344,23.915160545428304,24.22944317142274,22.930556800275404,26.5965933763743,24.73458186387999,22.57246964229577,30.495957188879732,31.61891789138,27.92382870558411,23.070058747669382,24.87000158542313,22.27215762565864,24.26458885070558,22.146645582174003,21.50370158954039,21.225024297779132,22.034008784934542,27.227878612225066,22.88004097337434,23.781798265156944,25.662309885439083,22.949360241024312,21.964233560118352,22.88097024286248,24.052003450304863,24.179797870502643,19.832637891151816,20.14389062990496,19.11101739438196,22.17236319195387,22.00154169026843,19.835375185363727,25.0375095730846,19.488191690642118,19.381357310594787,21.67657844662112,24.70246180859719,19.811348480397477,21.492351186588927,16.984877601430906,23.375516296081294,21.129553773664885,25.46986886363333,25.067867281736042,20.615467095247162
27.708252639907254,25.8223612363575,32.13687897723502,22.87262074901448,30.920245810282623,24.04694253415617,26.992164228679133,27.204690773602632,28.74395238427523,30.19052353508534,30.748079237193853,29.62562098670795,32.25581323735051,30.016030197428158,27.072900047042577,30.259915904499962,0.0,30.42103756599941,29.054710473736353,29.696981531150357,28.255667835703356,22.598366498374162,27.137422489852298,21.537516897947096,28.056992681284374,27.94953016556018,26.150500718998337,30.861199968774223,24.270904914057716,29.381198225893733,28.052821891090513,29.224016544916864,25.534345889647575,32.23155173086246,22.954586912799808,26.322231678852773,23.313477302191323,27.226984320947658,26.523964197437138,30.657717009602667,23.489265979963285,24.876902447271462,27.64652896420744,25.39294859050473,21.989573894321115,24.157806247234127,22.843358855010532,29.155423685331392,23.740253385020328,21.077283413293323,22.66146786304339,22.606760266938892,27.549431731120904,20.405009668774536,18.937153855930667,24.283590416222722,21.22029471268959,23.341841853602986,22.986666190605963,24.894932677908027,25.321508170552182,16.088104357737894,19.674684930529676,18.146948102822016,22.637019124587756,18.78881899679593,19.034624991842623,24.033250766052262,18.036547181903117,15.030847061665314,19.9377496022933,24.041006710883803,15.659204578308254,21.67012436420715,17.935891597392793,25.845275151768966,19.38802130602932,21.127868048080966,23.958648902222297,19.88276389837955
28.682771331114818,29.213545123207926,28.38234469145881,24.29398660157756,28.86632934165254,24.84678374470523,26.752562583732118,28.941492427973884,28.591771116497497,28.829727849811825,32.53935842830832,34.9512942911001,37.67283153458434,30.474612221014056,26.66014406800196,31.24025701034181,30.42103756599941,0.0,33.32995880281671,33.16330477069926,27.54550452956515,21.357910199570444,26.074810352178467,23.13306632851572,26.598024417616596,30.627777732451626,29.052991847250283,26.771823852486616,24.2855555500372,32.990788186794845,26.44667960369423,31.43059201637946,28.133070196458018,30.08124505365341,24.243899163010493,29.4096918860864,23.644969953837983,26.104985916282722,30.712917453764646,29.894415610488537,23.982961238546785,27.693139242990124,30.04398165899583,29.436489731554182,19.138947175260434,24.520601392449493,22.7174829040076,27.03163836661502,21.019504697005054,20.656370519266524,23.34728314006689,23.05092502678849,26.14047960840501,22.86525664908464,20.357396617301706,23.27438825224468,23.64548518286751,23.744128862883297,22.89378057604633,25.054641096338415,22.02650024408716,19.17621500661053,19.30537971622422,20.03255515624461,22.30234611434018,20.424498005917794,19.213806356672134,23.398250766516234,18.714996141733494,17.627101086778588,22.84633692192521,24.17919336966425,20.384904023796985,21.95719573405067,17.909648497429302,29.266973890644664,22.74960771995928,22.37265011785192,22.26557437792076,20.554045812462736
30.959952610285963,31.65895669734534,25.889900751118077,23.58030857201386,27.994770898749884,25.69264452604846,27.251757308838485,29.374317407973116,27.851884122796275,29.345774419726403,31.277854273153245,36.499888364199315,36.82533230606934,31.30480816528436,28.828331424095815,28.413331938535478,29.054710473736353,33.32995880281671,0.0,34.29023057918163,26.938358601504518,18.648729332150396,28.880326691695753,23.27041961880792,27.783912093805956,28.381500799654585,25.111877648569862,26.116052305357446,24.068732550729898,31.35741685507257,29.63514568631027,36.209154893927895,25.551638379933767,26.79806550708434,19.700419088521326,26.92116022615912,22.43570228910759,27.13172332181159,28.920353332191784,30.689948874924763,21.631249153672574,28.58479008745457,28.43605005169448,27.724698794389496,21.42178420035822,21.383859981668095,23.930339479423672,26.826350009533392,18.916451312686576,20.466805208798352,22.999435919339724,19.776182566321307,23.408575726357867,21.10944103224592,22.67163555225587,25.303797555964845,22.516607006729945,23.426942699571597,21.602290904123496,24.76621614317379,25.71248742082064,19.89311183736198,17.410934231389266,17.63413874699213,23.688448756637236,18.700204856985337,20.35346864172592,24.46122343324708,18.55470967942015,16.91266265661662,21.810668338982893,25.298498423884034,18.627808019145053,20.941415074005683,18.326621837474868,24.92902701215276,18.829638116531374,22.428359867785133,19.780717868742244,18.08273174003205
33.01461574039049,28.846365126702096,27.104099264402155,25.93929807289946,29.488583562231632,25.303358694525368,24.855345503017883,26.51594092010884,25.09628213304203,29.674020904633228,34.56545977378145,35.877566057673405,31.313079730881647,33.91824280152175,28.314903961777517,27.43369379310462,29.696981531150357,33.16330477069926,34.29023057918163,0.0,29.032360855585697,22.638945595198262,26.310365077391996,21.57475738571116,30.874772865091295,25.160117057524662,28.712317030944114,28.529009386804848,25.487456536625153,31.11003173685288,28.715671389705964,33.841035651534625,29.265065121526387,27.558941694765604,24.757449722286466,27.50366032705297,24.474544788234155,22.665034642439736,27.58913731992711,30.167977902778123,22.851348208890844,28.624276511875067,28.45467310140167,28.530727775895205,21.56977524662598,21.5161593634912,22.216084253827095,25.90957181448049,19.387595087446748,20.09113030641242,23.09645549493543,24.372054121434225,24.694995882478715,21.078996045946738,20.260948420829575,24.079400003726075,21.775009393255893,25.93071551703978,20.637285498606413,26.455755717837725,25.410577298814022,18.713679899548268,19.010436006056974,18.35727733506728,23.78731042851609,22.00453418777784,16.244677945303845,20.051320178170712,16.81326634077857,16.325267541456896,24.146883032813726,24.611612550073495,21.346776656775788,22.333325397683335,18.19175275546021,23.79969487010838,20.674062815624737,23.165334750836568,23.652618703841505,18.529942284739846
26.607124573543903,27.003874175484857,26.814388246923738,23.29710773575448,28.890602792613514,27.48394923327536,23.251638123707032,28.768537824987675,27.42421509218718,25.03372806064402,24.156273963515833,25.05252586751379,23.3421942104079,24.088218906762542,29.315081776912194,28.23400669630268,28.255667835703356,27.54550452956515,26.938358601504518,29.032360855585697,0.0,19.667951777506445,26.915896025088298,23.104805610519563,25.21635487356321,24.563065076568776,25.874420202130594,24.32130762775851,21.501874101941265,24.606857796900062,25.990238600315482,29.320421082985817,27.141596854988034,27.569020021893024,25.600272373497443,28.544109252182047,27.966576249119484,24.996435384501673,27.305691334341205,27.358659219596312,24.568871843333415,27.78741541175912,25.40421014520793,31.180145161503035,22.07010555820136,25.598895308274862,20.652263416956654,28.295047098178394,18.894490142195068,21.72611113720255,21.98602337428432,21.542027612835305,27.78377996566154,24.308145726204458,22.42356881753762,23.399111123902124,23.154039285393715,22.677081156302656,21.537275764427957,23.5834608616767,26.10585309743329,20.203791579306188,20.507039424838943,18.681936137912878,23.062720488320476,20.72077436230268,18.72133291917347,21.296011942885098,16.56658886508966,15.586931703993598,22.738700213430295,23.7925408041976,19.55527854858762,17.207654043740124,15.128007093685062,25.603157998627566,22.7762454141761,24.114259894327912,22.160718111406585,19.39302894088644
21.926361666799117,20.3189016552016,18.940260804728574,20.36138984718868,19.268443133533736,23.567038191755625,18.480116541350963,21.34846080911172,19.62246177478058,18.3379155028788,22.761304777065877,22.26101324171645,21.48768716070864,23.510009575609928,21.545256470198186,22.793410686711567,22.598366498374162,21.357910199570444,18.648729332150396,22.638945595198262,19.667951777506445,0.0,22.35504365612521,21.01912069101115,18.61952591780933,17.49626554153249,20.378854927955835,18.73715634690674,18.041092899500708,16.44497528288834,21.912869129753837,22.940675612681087,20.23362297813364,19.764545806909613,18.68724793082778,19.456043810989932,20.812833494156614,19.497407186800956,21.959654654274708,22.166925517883875,20.059208685727835,24.051120850556394,19.838337794793077,24.2703351893756,21.502558944748756,22.83663237527934,19.55625210067332,21.80550958635004,19.80041509321068,19.162085258040577,23.208785181800025,18.77281528421486,19.72663478819971,21.989306518967098,20.734311012420697,22.146042059509643,19.14675210945064,21.716892764544927,20.14977763786368,17.044571425469893,20.497804344985187,18.584168243728627,18.11116425418154,16.88334283759192,21.479729897053677,18.130093396111366,17.894797992011302,20.98598368637665,17.12468102745898,13.892994021554877,23.785242260706053,22.66073197120534,18.098868289930827,20.40126754279137,16.77703429130672,22.72684822535611,19.831244546206648,22.849209997606813,19.275564285718286,20.427506089090127
28.164050945824094,25.224476843853402,27.133745990715976,26.28641488940054,29.556491451415713,21.32970372424495,28.132606087200173,27.703302476216134,26.327867757393403,22.58291836490465,26.89108610197323,26.912625663853458,24.91349104460685,27.98470013530869,27.445895721160497,26.040556315292324,27.137422489852298,26.074810352178467,28.880326691695753,26.310365077391996,26.915896025088298,22.35504365612521,0.0,22.500912934041743,26.16486254558436,24.005029542544865,26.918181432152107,24.663767484865357,24.145636245149397,24.780979194246857,23.615327560703896,24.060850840023384,25.503645282765508,25.074242268107003,25.80191701123296,25.70044954173481,24.196065132981694,25.69246555902285,28.002515148851085,21.20564473290173,25.40909693582253,26.528321753869413,28.83948471943841,28.163858747222847,21.52564346805253,23.601733799079767,23.89602458888373,27.91977515561712,22.62225905927276,21.519635450317026,23.069744509511242,23.077719688501755,26.87486546975001,23.069939748558475,21.12225525006034,26.484933177205395,22.691551127421757,25.635168221664873,23.27267105115668,24.348987123892954,24.564037753800886,20.1894664798532,22.37765246736093,18.03076152055637,21.589086635900294,21.568867511421807,19.63131618434276,23.067195075473983,19.41112893769864,18.182621366953207,20.516807343802835,27.329412924820026,19.890199364604705,23.3533492623107,16.246816602880514,27.684016404941207,21.898389194716476,21.31707690196005,25.416687974259126,21.744707874466755
21.07449175148716,21.077286525148345,23.53925391916919,20.508765146221865,20.749523218794064,21.77927948733504,21.166902533157035,21.04406156595845,22.788487373675963,23.37133702643753,24.858575701093006,21.530667000043827,22.56812938667121,24.375936186008005,23.113031760618732,22.807375031636383,21.537516897947096,23.13306632851572,23.27041961880792,21.57475738571116,23.104805610519563,21.01912069101115,22.500912934041743,0.0,19.110672232889023,18.927180419915732,22.576453216356608,20.197003156815565,20.42509791656405,21.286613154562588,22.144758265548962,24.020524719416848,20.120592737394464,24.782917874756915,20.802191777923685,20.383126242389118,23.268380532391998,22.507811815324466,24.2265461342942,22.762105116966364,21.42058940113876,23.701137990739895,21.98249587022844,21.513895759030106,21.111451219501415,22.70844379819197,19.755960359033985,24.379872185762324,20.83150488700675,18.344343565286692,21.88196413869029,20.550254309225,21.29179092163141,22.529869371908124,21.15153739958502,24.16358004735961,20.37687870327496,23.22543879513547,21.47406333916481,23.663414391313918,21.418293544585506,19.082913766272878,23.17101207914633,18.80137364674076,20.820324280020433,18.564858873066832,16.599416858337744,19.55742264537473,18.257433953577394,17.589116616014252,21.012215741666964,23.442592554154782,19.38148320761048,20.9626162114258,18.066655243032766,23.038366788275326,21.431614526539853,22.842241928511587,21.548645377409755,18.51418097234199
32.05780556080527,27.190999677112274,26.675015213042336,24.932795324183985,31.371570378497612,26.350376423213824,21.411781263770568,29.813001996355453,26.90817627333215,26.62694614557508,27.803766466149572,27.894350703508533,29.437297804841016,29.191544725251706,31.52847520625256,33.651919412869844,28.056992681284374,26.598024417616596,27.783912093805956,30.874772865091295,25.21635487356321,18.61952591780933,26.16486254558436,19.110672232889023,0.0,30.81863562400304,28.549391000769337,28.34263863844144,22.5580669719775,29.671505233243867,30.873101910645726,31.61203205011378,30.169910412420176,28.02993661821406,24.916979490482902,30.503882540684597,24.132970445420806,26.699840170738003,30.819271513506635,31.189782595653014,22.813997736078345,28.564225162481204,26.05931599949232,31.086129490525355,18.011018791673393,22.327621421660407,23.678603348638052,26.872306745455766,20.46770909626482,18.224088655684547,21.578333395323835,21.034775579372738,26.21094818236919,22.88660981220022,19.062605104041495,22.966244422918685,22.317113466957426,25.253938313930707,23.59789651815297,24.783517372636954,22.38445252917061,17.89890784021491,20.079843942751374,19.211299862816688,20.46451930593075,18.77476929575409,15.55158096776136,21.333339521080056,15.115620976041152,14.807129528334142,21.689751161562395,23.803885451731496,19.31579507838316,18.889730460331034,19.004749361681508,28.435179136758116,22.635591125643405,25.64211768826683,23.493016482838346,20.070224505015396
27.31827455002693,26.83843305802044,26.13427574608797,22.537552325197847,25.672771412867586,24.789755085155594,23.086803874093935,25.825181267009917,27.135523138675456,26.72006003697459,29.146528024056565,27.343749350563698,28.071955758677344,29.52419172058425,25.860793680046424,27.618443299665557,27.94953016556018,30.627777732451626,28.381500799654585,25.160117057524662,24.563065076568776,17.49626554153249,24.005029542544865,18.927180419915732,30.81863562400304,0.0,30.705948727843968,24.05531874907026,22.25639506603809,26.552766373446588,29.60877786316876,27.651114305414865,26.522485035735752,29.18581178618952,22.922028038502525,29.624615838093426,25.469547175396116,24.317541718346103,25.552078093265443,24.823098487085446,23.55577004145957,26.370037766363737,27.681094512709446,29.790837318007192,21.86996552181152,25.164138782723477,19.314437439292686,28.37103023240515,19.022384012990138,20.45235588600356,20.57603404146462,22.889918733145432,26.66333966314573,21.280373711434706,20.343028675722405,25.344222709079315,19.632765139957378,22.111230019329973,21.98148427114462,23.499308647951334,26.070927931087667,18.62165417528137,19.580702981339734,16.675798802541063,21.685051296896834,19.62126012599996,19.124448530078794,19.806436230180367,18.018170533557043,13.866190826211074,21.270504673665688,22.72143593638831,17.67821035779518,21.353601021755647,14.66445338026761,23.297357164901165,19.370915847517317,20.749063443124587,20.931607276665357,18.609235398252537
