0,1,2,3,4,5,6,7,8,9,10,11,12,13,14,15,16,17,18,19,20,21,22,23,24,25,26,27,28,29,30,31,32,33,34,35,36,37,38,39,40,41,42,43,44,45,46,47,48,49,50,51,52,53,54,55,56,57,58,59,60,61,62,63,64,65,66,67,68,69,70,71,72,73,74,75,76,77,78,79
0.0,188.74325271319094,188.12448701361959,161.93375470056705,211.17783320473796,186.56178428488496,170.7765846832078,170.60835460427467,156.12562812658055,171.50809702693334,269.26482050659246,225.03767091147986,235.25880858893765,250.73097362877135,239.6152754423556,271.4170359796613,263.07413196591057,244.81291226118387,263.3432854257049,258.73750462721773,206.37832444566206,190.1284385617262,223.39333584407362,182.17717055084097,206.18494918834634,202.0474821184219,180.41386713721684,203.93855496974618,163.43069828918806,209.12789948052625,229.5913603174881,254.83108783212143,252.17622301193265,230.55942387267856,263.1243664766573,259.2476758022504,237.6739665030629,234.33545036254108,259.77142580548934,256.40009992431095,170.4558571005717,191.93505471802962,198.70238956979614,204.66548113817436,166.25881318361772,215.33794196616046,182.71031869436052,199.11937773810328,184.51844448332454,196.0051636792444,216.86631485971608,206.68442448663768,234.47153180118826,230.43970218756203,248.99616225741144,209.03162390515095,237.52688182037684,214.96194713006324,236.374898337708,220.20521709314846,178.3321524565852,184.62290614890972,212.05567977246844,202.96204570126662,182.28320571367544,236.87188822215617,173.31674608668337,172.2833910999453,145.02765973863714,161.33782010675628,235.87270355487664,245.39289680597594,255.9689469343592,246.42125695283357,235.96672641783167,220.0748621023691,224.36956057338773,207.18251416210748,219.98289548937498,216.10164869121772
188.74325271319094,0.0,142.8916313266625,153.16731459681642,131.89406924899518,156.33337595371142,177.9890390630171,141.90376671366676,147.67493686031096,140.7010905278571,272.1392809595646,265.48467999475196,277.6670291587114,246.33642129605784,256.7163482753529,250.11013796763464,224.96997044807392,276.9994891869975,260.5890074135006,254.4193034394493,195.24780014139998,193.07414376092703,159.20893916832856,187.68830085027292,201.0753805671609,197.90108702759855,209.36773058824022,180.76559838678318,189.38774295791683,186.41912520122918,265.3910570653357,249.48962331043802,234.93953437674955,276.4646695799266,245.17204422102304,259.96603642566123,261.85521735384225,221.34696614377324,235.39992847103989,246.94556585359865,221.73785739718622,181.6424691254784,178.80024331243163,212.5722016717379,180.73834104918447,212.64749755934236,181.69571478363727,209.65112976404527,223.19956059312466,203.3679696393363,229.06028637474452,210.0019958353683,226.3703731623048,225.88877023188743,219.4647456371369,183.4693262645351,222.30171488350908,198.51833502816683,207.316292069798,187.1111182442865,183.85278379203984,205.48098785137793,167.84944326899478,194.17101379032013,176.07287087970488,186.92151777138216,162.76854517070058,236.01488903331702,151.39006789547133,211.92905839597813,217.98961700338032,226.1154998966429,197.1725947194326,243.03947159636874,224.26274013471672,212.30921334601442,230.43442507456166,230.49450995593702,234.91441307378813,208.79001345699612
188.12448701361959,142.8916313266625,0.0,137.28522063589958,169.6203536110728,143.1300428449197,162.43101913465995,145.696989451134,165.13066362832524,169.0079977057604,242.51319116818232,274.1133912368305,255.44055454577352,229.82317527127017,243.81720188043647,249.54223378922748,239.82025403029252,259.11104565714163,231.04088006388872,243.22951065019632,162.1905308684812,173.0914165241702,149.38203846205943,182.74398112321737,193.68950478741456,176.37521823925601,169.33194905563138,161.6902874568733,172.00915243883833,205.45129591361993,235.09498664292698,250.04522791508344,265.91128953028857,251.97412516144996,281.57518026801296,265.7581942574875,251.62698100342777,218.1961532012533,218.64112001590033,256.72259116496264,186.5607559756754,185.31364715991148,167.39151945612943,209.3699669511748,199.7723863448535,204.73067538506228,132.7194414536969,211.5847492655155,190.77137279066426,184.71859552365237,214.99674170155907,228.22140489795507,223.80488655782383,206.94422157368902,222.05841391361355,213.0398361128915,193.5720830336296,203.3833521614833,200.28007458428672,164.85189703371498,178.47188082142515,200.84952688344418,181.26707498331723,172.6311691753534,168.9769989622948,168.10133933968984,180.96348221286345,210.8514608580433,160.5595315211455,187.01179133347236,223.5060486018216,220.75682422114085,226.36995517712703,237.34969890124174,199.56612901741033,208.22609650668153,224.8224367097972,196.66409538852636,237.20309723723224,216.40703687239915
161.93375470056705,153.16731459681642,137.28522063589958,0.0,180.454961208795,159.69485592443704,146.48387500388748,168.81881714646357,172.78429059494746,141.69111779976487,251.59050991369662,271.1025566864483,259.57749827936954,258.2790955485307,221.4394265948966,246.13241862192257,257.0449263591381,235.8326158422773,252.79552753938327,247.84563470956496,141.37230851866198,167.36145275208946,153.0868163734584,149.10744362526304,191.82513522302827,208.68043282642864,132.61959319933723,174.83042167103224,135.61035460826776,221.45765917769322,239.83263642721613,246.67796192724884,245.63750431281724,211.07321048045497,273.6031903051527,261.70884281674483,253.20886761601463,180.66051803990362,214.5126341713594,264.59558017172526,175.04947568968686,201.16001417771457,179.0192378421143,194.31700163328054,207.1177195944065,206.18344259360467,170.68603098099456,214.6060713080021,196.92877733818034,184.71806130686144,234.1144430647404,227.18717311040731,229.19168495051161,209.0211055086923,224.41505825354275,219.26235980865997,204.21080892608288,234.41242781506799,197.88849325599892,182.81980549210414,190.49509204634032,204.85401770429004,168.6166216054628,181.0751985515081,173.40230384257677,199.33924302610143,185.40896791516212,180.95571959889722,181.75874100647934,180.63530889188357,213.42854533475597,247.66180699210656,235.12682785139154,214.68875782231444,207.1500777671251,224.1093641333055,193.66633980943405,202.33087354701934,238.06742626759885,191.02800044065668
211.17783320473796,131.89406924899518,169.6203536110728,180.454961208795,0.0,155.40507830104406,178.87351905780218,175.0749640896578,152.9428634225561,136.9983656150903,276.24712399071853,263.5087727308566,268.888479015323,271.1908976398031,271.8747389125197,277.7102640190549,235.70333819162136,287.288879374644,252.76391471811888,237.8671924675335,220.85472702680227,182.27245738870454,165.63080789876983,196.0914915811878,212.62891842719566,199.33270908920775,222.93678597720196,194.10015512038638,192.5764923928133,186.02915540026885,277.19857990398856,278.14447462023935,217.91997009984937,297.7137841780666,241.93957982849423,247.98897691503836,246.4022122122673,264.4925543870389,229.59932578855216,262.6080463057534,240.97370272346697,189.27725306433507,154.28988544841985,194.93588737389643,192.68944763518874,202.1506844671214,185.78691547534248,193.48575205170624,213.54830920500243,185.67110195935308,238.99367429693962,209.59510204162234,215.7124064027574,222.7911404651741,204.98213340960433,206.83891206755922,239.327240220417,207.48159971343807,225.01334300094223,223.37936420871847,201.29933665137077,201.3649273151264,144.37329448473622,204.15776695786192,185.77782101451643,163.45803674447347,175.61404617707996,218.59250252833604,156.5859776365576,237.73271063179567,205.87593370501702,245.444748823065,204.96498317322283,231.10868353553104,246.1136154637668,234.91886613870588,239.89148206286814,258.81457534833913,238.98058602593298,236.74545789062554
186.56178428488496,156.33337595371142,143.1300428449197,159.69485592443704,155.40507830104406,0.0,187.94443680398055,168.2334388109525,150.7772277745112,174.71941129958967,243.61025800386915,235.85461906115583,223.38196314824137,237.86157033522014,250.9324122482947,252.56649868241132,211.68111292856443,244.46831426127147,239.439050884967,226.06862550297808,172.92970801284403,186.881526237325,181.98714249402062,183.38252923024126,218.08134016633554,204.8903935726308,183.93292434011602,174.8837071721536,186.03173470157665,192.7028817524868,218.83356866011664,251.87907868064983,222.32368581686907,231.7369258979083,235.81706729588342,236.32491808293904,221.72190296964547,231.69173561123768,207.3605319907312,231.8208845938401,157.83231247383023,167.05956892138926,143.358951755941,219.5665999230752,197.7378823971831,204.4545822473217,138.39325995508224,185.6133592423551,186.1088357907639,175.47985863029365,216.7612904642344,241.77366107201718,221.32384855585858,240.1838193891613,214.5284857289541,201.52613287816317,198.44401355240532,208.05752090237556,228.6020294584925,184.87123575961425,209.8783071982464,199.00861046928986,163.2756596520961,220.67110981411622,209.96419755024016,186.1258997910867,188.3793039014588,192.35181426871176,166.67978279508492,210.89348374926865,168.96520608257234,181.12423741253633,220.77598453696527,226.9607735297657,204.40549882918918,225.16146330734935,216.0412410075501,204.02708476359024,203.80114969517555,216.0969329130925
170.7765846832078,177.9890390630171,162.43101913465995,146.48387500388748,178.87351905780218,187.94443680398055,0.0,175.2840719471546,170.95398752812207,163.26161823053044,238.62619791379925,247.27233528219588,209.7652558854354,236.57464825848814,199.04968155306605,216.185272973108,258.9901795768409,236.99433751858786,233.87912722467763,241.60662479215424,189.11238156906327,189.857944219192,198.76811327987275,178.93742446998445,173.4250873568372,199.44994059689915,199.14666874816237,202.15554394521476,194.80112776259898,203.2694331508859,195.74629240576888,248.0545264715485,223.97619997404033,214.39949584054727,272.51417751876437,231.6303843461967,227.84488074963537,191.0880287099071,197.88956540877703,224.69980619316854,193.36932131244882,163.0666130842689,180.4697918756205,165.82136391429503,158.03257421198703,197.84838048619486,149.4747690015082,216.1390583108676,156.98285964606308,163.27875976732878,218.37609641444874,203.25562259438223,217.6781667646089,206.3147952979099,201.06841425826678,189.82733230829467,203.02066323910555,200.44376809280388,196.08141657949156,209.37706183998813,188.78192057154993,173.10740767189282,181.18724210304885,179.23319116984464,153.55184565846255,200.73466642329362,169.9906052163223,172.88537419508984,176.03652802868277,168.43092591023628,191.87895543712312,245.75621257450445,218.07836446628846,191.83260047468855,239.47262977566842,216.11686872799325,207.62038081956965,220.97814053265782,213.12881393963787,205.76052545217073
170.60835460427467,141.90376671366676,145.696989451134,168.81881714646357,175.0749640896578,168.2334388109525,175.2840719471546,0.0,153.10874865744842,174.22585227820576,253.6137634619581,250.4275638870946,230.8617125825965,237.25742179962637,229.4377883687723,215.18504315710888,228.45577080855583,262.29584392716134,261.8070258490362,249.9440591973888,187.04528210776922,160.6950107743897,177.33922581442556,196.36558544977666,196.1905057587466,211.64520060946137,202.0207566772815,159.81040214457715,191.04111618662978,195.65485144204186,248.5402273617358,261.39014827564927,265.69133246071857,221.6193394139213,266.85629262515397,253.2062424564397,234.64633881449828,229.5539374368612,222.93464353255595,236.17515826448007,212.24094253687784,208.93028954424577,193.17364771315874,201.89138053301699,171.9240387509794,236.34206024956,165.5784075202368,213.57471112996237,191.43933550236648,190.70136889486056,219.28930842734272,230.81543715748114,230.38660753716172,220.5085662920058,244.65892603262165,224.75567864191322,220.71772163250844,221.62817471261414,184.50563930361113,150.7871628272248,192.46731013345143,198.9551074324928,210.07780034691618,180.41656889964975,204.19426410927682,207.81911540161553,186.6180834353562,216.42244994008746,174.31690054195343,224.3613454003323,219.7322053970815,235.16538665205013,244.715887222569,249.51648323228216,206.1025300803115,216.24528463831177,237.30656309535627,205.5814745897603,216.06778876479225,212.82060670242987
156.12562812658055,147.67493686031096,165.13066362832524,172.78429059494746,152.9428634225561,150.7772277745112,170.95398752812207,153.10874865744842,0.0,165.03631438004084,258.92714799602555,264.40771117662564,226.26923349103566,233.58405496308498,241.51918557699727,250.3425977584474,234.2845858020637,273.79751226944285,243.9791779658337,250.81911818134543,192.2393568000132,203.2903323277445,191.49477685786164,192.90766450667047,191.2432573346328,184.1422843247821,190.23961120007058,171.88618628902648,152.01619013490975,175.64887176970865,245.69689093962606,241.0021409002116,247.60448206921265,250.0182947314942,273.6540300270558,230.23386426437614,222.1013406481767,224.61067933170878,207.37407996734942,255.00107421520988,206.35143954209335,182.49075567389963,178.98270401417315,188.18855521623792,181.44314904074733,215.1400550011451,156.49731679273745,204.44354833150763,197.5793429975738,207.92526704787775,202.67879173623228,207.42207815796513,239.37030825877562,228.35829477398826,227.02909881341674,196.99306859593364,216.4195380583903,211.89169229782706,217.69507744111993,182.98493679693362,167.86746713969058,165.4140456868894,176.7768667905905,186.84414417852716,185.13586714367173,195.20380821470502,159.95734883025517,173.3105544714453,135.8960390919719,207.1482804191715,198.75013976610555,211.20899219531938,222.71928970945146,248.38153182741593,223.46006314848168,228.20737700756132,228.94569537337347,206.8107444357519,209.81000567954342,229.64631258088122
171.50809702693334,140.7010905278571,169.0079977057604,141.69111779976487,136.9983656150903,174.71941129958967,163.26161823053044,174.22585227820576,165.03631438004084,0.0,281.2366681017009,285.9363409861506,270.28700959955614,292.7485222371666,255.40814069847042,287.60777844984324,264.74877604767534,266.9437944054055,273.59918192635195,248.5335053510821,184.17276799240034,195.2273054617886,158.1750588748559,167.87785836798986,210.62993753324383,215.16732225015772,193.93730331513,181.5175786352543,170.5655484420314,230.67394582114002,274.1058204790989,253.57808286064662,227.4078406714828,275.3253365972775,262.03854571787895,259.331360793414,272.1195835904522,245.1179965382204,219.37383442413196,266.8191077845514,209.3941468441044,204.02852768278933,182.3321155754944,204.9310983679087,209.6875722628922,219.15809865424825,182.93106015993644,209.32406508282997,227.84527979332194,189.45117188476573,253.6362803226976,234.7362428382037,232.3604800178787,240.57278861468623,242.47425560645692,226.82881659247118,240.4615203997997,242.91270623225122,214.73439826620975,207.65318345995672,188.42146725429401,190.23730426067664,138.80696416516682,206.35193984555326,199.85424659395022,198.11883229640335,179.74650616121613,212.8656792772366,130.06038889545113,219.03803490567574,231.63318889378192,258.49890447810844,226.1685707091633,209.6369675202272,251.26229562524924,239.68905768982722,219.91517619067338,235.52038057105543,237.14605946286835,231.130801164965
269.26482050659246,272.1392809595646,242.51319116818232,251.59050991369662,276.24712399071853,243.61025800386915,238.62619791379925,253.6137634619581,258.92714799602555,281.2366681017009,0.0,170.4139510980246,167.9495551059158,178.3815198560947,176.66231304054156,153.15219970778406,141.8973768799093,160.31536540103514,168.51389732213863,180.1042102896245,235.64947654894175,249.54840349323015,243.4631685366703,253.75419810989547,240.9992780981888,235.59752331373141,224.66153813941168,237.87886183548255,251.90914604465863,239.013301694503,190.57846610771338,190.5249450467632,196.23918747423673,175.3210181037365,184.15895330896916,189.8909791521233,179.88804380101342,199.16383516349256,189.99343697475516,182.62047938463886,210.67156795280934,236.8456330256833,261.7456335051504,231.45973713353135,225.66353036951617,213.411466428013,227.33052798223815,236.3251327117055,221.77137221468706,233.91754378014608,169.4905366240525,188.23578252108635,178.0105265114798,190.9729546345824,186.98558417543958,212.25575458225407,185.95547921791857,201.99958586883832,182.25331462876485,209.99403894793628,234.59124566774716,245.04190148802084,250.90557830679484,213.14729149277463,239.16707844967718,240.13493852503942,251.96742578616016,248.72190819720905,251.6820335713681,249.6362935498386,177.36227394931706,186.70217173760227,206.92261535107187,180.33616544780833,180.2086795906072,178.39176864606836,191.0334968206668,188.44206199445563,173.2082716540266,180.43263359848052
225.03767091147986,265.48467999475196,274.1133912368305,271.1025566864483,263.5087727308566,235.85461906115583,247.27233528219588,250.4275638870946,264.40771117662564,285.9363409861506,170.4139510980246,0.0,153.72265907772473,169.29628217204188,178.3517367325321,139.7976726631582,172.24621863886136,169.81562503943516,173.25231037886527,190.0648345368697,282.13590898166916,224.88507574924472,267.72483726204183,234.88221044282835,255.9848349706465,248.92707559812615,223.51398153103966,237.45552976591833,247.76565929782262,221.4467696403402,168.7637423079016,212.50747555802423,185.87181935223913,199.97031678645118,149.96551633389615,189.05758092648395,130.98854146635082,210.8959126244035,231.284735311185,171.41935539967383,207.61479255264837,227.1021892424992,263.72928039031035,240.1655587175679,200.40235792639393,225.66425074126192,225.80189324006136,215.30067385358421,204.89068793282723,229.19533706038655,190.9849819589417,177.72485968520218,203.15355305495024,197.52158677458357,169.41920087388146,193.05450370287056,194.97868454435647,186.25515336604008,221.25520328658388,206.7192487397459,249.92552523530566,251.39241005130893,256.5094371952125,218.73236061734633,215.5397377778666,255.26066132246484,236.8665218464922,235.4064030989375,237.99318544613106,204.49103374819416,190.49585603851503,178.7795402078965,211.3130140123648,192.22856850428406,220.00418379232528,218.4633998451843,242.00053447344717,199.1452679608768,178.32748324380464,199.56493268648964
235.25880858893765,277.6670291587114,255.44055454577352,259.57749827936954,268.888479015323,223.38196314824137,209.7652558854354,230.8617125825965,226.26923349103566,270.28700959955614,167.9495551059158,153.72265907772473,0.0,178.61124017864117,171.0516034814006,163.54104668183382,156.78899738235168,178.28104035214122,189.3596544766505,186.36690346951426,245.61397722167882,236.34454343728464,238.0646817290201,213.8728494060137,250.07843735522937,234.72259885460633,226.60669560132473,240.5024109496345,233.33921480758747,223.83710043388504,157.46349491368665,192.90089873514307,202.46145484062936,181.28342967827942,209.63250055337753,169.26483614460165,176.2374980312536,195.57544638193525,194.88712844945957,177.32838639576605,203.08488664391112,228.3530067833819,266.6949210072921,228.42159103306676,197.04558222572655,217.8319726203752,214.43453864462896,232.23982833998025,193.56592593612424,238.0728046742123,183.11763353649494,189.3935401127577,198.4820235297672,204.22313877671746,176.0545055948275,214.2757638799421,194.48892075768896,218.53379728287132,186.19241809551906,183.6765602408804,247.71163548168482,221.27681956603337,244.82131702267642,224.05404379019376,232.76551700367384,256.7192670420443,240.48413119154114,210.87063758135798,248.1210814085926,227.15694888445947,190.28647803540966,186.45144614915554,215.53451758121767,187.81980496116967,197.11514205170747,212.20041129823255,224.3459333673744,182.35432487658318,185.43754526927745,188.53087880058797
250.73097362877135,246.33642129605784,229.82317527127017,258.2790955485307,271.1908976398031,237.86157033522014,236.57464825848814,237.25742179962637,233.58405496308498,292.7485222371666,178.3815198560947,169.29628217204188,178.61124017864117,0.0,183.7898737840331,138.84933494924513,173.56455149432983,186.010596759299,171.73516925869868,205.5539580326925,212.9186953051836,227.11749482330197,254.19343795282106,243.26574894571135,214.76981573442663,225.04988975939875,223.36505627190422,212.2879183967721,235.78508447936971,195.9280756505748,170.28059680014655,169.04970027752591,209.64520879542258,194.47038068942243,212.22877219642635,193.51506954818035,157.06320022116424,190.97730560143933,196.43716848810212,184.87728445543195,217.0854626704086,199.72278809757296,255.09889690722454,213.2622897122782,216.82495384585008,210.24096241437482,225.17324016021442,249.3798710107745,202.51686822241356,229.87813627215718,173.1019859300729,202.74888239961646,216.18466361527152,175.14622650155582,191.2048212009061,209.63431007829587,168.11883282595912,158.64060743227694,192.17043250644352,188.44161037261196,217.49304659342488,227.67509910245795,252.63487302920595,200.98738291000592,209.92214935563817,214.50342893067463,193.86514841063615,205.0857000680326,216.6101508023601,191.8084083235712,181.1682894880555,171.49650803332506,175.70824933962476,191.57314076226726,208.5641865281079,187.7919478980706,183.9962376015551,180.88768691722595,210.6209787628888,194.13618198559848
239.6152754423556,256.7163482753529,243.81720188043647,221.4394265948966,271.8747389125197,250.9324122482947,199.04968155306605,229.4377883687723,241.51918557699727,255.40814069847042,176.66231304054156,178.3517367325321,171.0516034814006,183.7898737840331,0.0,137.44500722304446,195.65024482767012,192.2445656861061,174.90983634476854,198.91322106269664,244.08233986126868,214.9309116278864,242.39473066488478,212.54803873517807,208.4555878742629,261.00424608997724,211.57739812135617,214.35239403332636,237.75615236828986,229.63333920925012,179.30802935000517,221.7977724028009,176.3550066844542,160.7245501173947,217.10554294446882,175.7639575579627,173.05595842246674,218.5921748306917,203.05679897743232,173.24920101554042,213.05993525659522,230.91784053964756,257.3238984496574,221.9021523575243,205.38443040543598,193.6571406973989,188.53723686327044,240.92538358289255,201.37208370623503,206.53316520139114,185.51212639192246,178.20444588115114,191.09824200816638,171.40249990560733,196.36552944164677,225.59869547360205,198.1445127040547,187.08647115923543,161.81083761258253,180.56256632357545,244.8731965466235,237.6779866123731,258.46599634533374,211.63652267274952,216.49382039512147,206.2401440210947,229.69085893638808,236.40401040257865,242.58758110048294,191.60927984209005,191.39985919551884,205.77693339762453,187.5703437246515,165.99535209487755,208.87056094500804,188.07124886102997,209.23306038242004,178.85578517170202,159.6162243386676,201.5469673845963
271.4170359796613,250.11013796763464,249.54223378922748,246.13241862192257,277.7102640190549,252.56649868241132,216.185272973108,215.18504315710888,250.3425977584474,287.60777844984324,153.15219970778406,139.7976726631582,163.54104668183382,138.84933494924513,137.44500722304446,0.0,170.7788481662399,183.23143905851828,167.25194686219228,197.04841004413598,252.06515050729053,238.59363971359437,248.35827718134112,254.4084973495335,204.399301361238,263.0516629158144,242.5194678451725,211.47057468427295,249.88790124574084,208.15263995801593,187.97244080849035,191.71684260384183,177.0540560475174,162.303256787913,205.330921541514,174.35250223480958,152.5948331250806,188.78648459283497,184.0108035094668,148.06728031773596,217.2408637676224,220.94476893509653,274.5276826077598,217.28012578811166,200.16395988424284,194.36377226962028,221.57987226718467,230.82742451973144,198.47592860438522,231.10615121778474,167.3260449993121,177.94521976199445,203.36797607085586,170.90716593140152,175.28264232453483,225.19852947742316,186.43234783737347,184.77715299128724,172.32441849200274,168.05789824980766,241.20543894918364,245.44169817744896,269.05255887387204,186.29394779868178,214.3658387353644,225.9345957836552,230.18474051407807,238.88464320205392,243.68504307436174,213.00939528850284,164.73646139501574,197.638093335224,178.57511532723748,174.34974783275084,203.66027522883002,188.91349560568162,208.41151358485513,194.10336899256126,179.7980622476081,199.06261818955255
263.07413196591057,224.96997044807392,239.82025403029252,257.0449263591381,235.70333819162136,211.68111292856443,258.9901795768409,228.45577080855583,234.2845858020637,264.74877604767534,141.8973768799093,172.24621863886136,156.78899738235168,173.56455149432983,195.65024482767012,170.7788481662399,0.0,165.9811401597684,162.54308666056107,161.80046261239227,247.17638809463944,246.58973594178786,224.42868695067534,223.69968207089045,246.6360435696828,241.46518552761952,248.2228001906018,236.68511007634027,231.61749743537172,207.8166081192971,196.52545287114367,162.47894167235606,186.70165021743887,205.4397278698694,147.4198703924178,171.3112979806004,165.2530129769293,207.41520494507444,157.4097684847694,161.93442443215565,220.25145749094216,215.3324416251557,261.65988187385364,244.0937692803494,211.47062703431817,221.67855248498938,224.12528764900097,228.08277284591512,215.09518764397825,238.38275430436246,156.30160582106032,208.08577939839944,189.25544476691243,188.293945156216,202.98284618003964,202.6723941333425,174.45202733089351,202.99163387269002,178.1991203756784,187.38783871021442,252.5513090264918,228.03984342591215,247.23160058305,210.27938541958798,241.9057536733735,218.09263895089038,220.15938569464728,268.58179507695615,228.422417185964,248.66361875002454,180.39336285413913,161.80278337079173,173.07341768972233,181.12205930695137,150.7322140869835,168.35870606980168,202.76150849227864,216.19693711154292,190.39953474289186,169.3487310548693
244.81291226118387,276.9994891869975,259.11104565714163,235.8326158422773,287.288879374644,244.46831426127147,236.99433751858786,262.29584392716134,273.79751226944285,266.9437944054055,160.31536540103514,169.81562503943516,178.28104035214122,186.010596759299,192.2445656861061,183.23143905851828,165.9811401597684,0.0,169.21668509009808,164.507289227631,240.38407561951666,231.49636065252585,248.77983990582345,221.98918527228344,240.1536727897594,243.62454039727308,219.13981105808352,235.18222156415592,242.41038419029937,252.34517355724995,171.41722944103134,190.36794104985248,205.7338624261271,177.89804019393546,169.9382252417319,193.61380486801318,175.34297763255412,192.80528301055068,209.4503038657814,188.078988450418,174.57487932848295,239.43895991454914,270.2178256550069,215.6699698255121,234.71650665773555,201.91410884821875,231.20231118314626,241.30065058906476,228.5192763707913,231.327311682919,176.59469481962745,205.59666120003317,184.39089104265435,203.84562550814385,191.27821021118032,198.92135687260185,190.3809747658697,204.53466031900606,202.11446592141334,214.0233630193913,249.83260580258278,263.02813671146316,245.38598987557114,222.48127249533684,245.5449969923313,261.09065740890406,235.7218000051793,245.8072385608087,257.38016600424487,243.62554636905338,199.67730757710717,190.72411755560773,207.33788930546535,178.23298397396772,197.72824717591465,186.12105411349637,178.51416648405694,188.8802978757015,207.65614086000312,169.32747138482804
263.3432854257049,260.5890074135006,231.04088006388872,252.79552753938327,252.76391471811888,239.439050884967,233.87912722467763,261.8070258490362,243.9791779658337,273.59918192635195,168.51389732213863,173.25231037886527,189.3596544766505,171.73516925869868,174.90983634476854,167.25194686219228,162.54308666056107,169.21668509009808,0.0,175.77009340993877,249.42816436719949,238.43286014874417,258.0853129725858,236.93449822526142,241.40339165395096,216.2230103644733,207.83310039192665,214.28685375420767,234.70750896270897,222.20879187763407,189.82418995904123,199.91390655299767,208.4569494910592,208.5453480677094,181.30126630037563,168.7151807577161,157.35503631929066,188.75199856588927,183.5290241410167,180.60200257873396,210.1278467145558,217.49431252205764,231.1870405366219,219.8739814502989,216.7564844797939,203.45639072380445,206.24961102428716,221.37468918599433,209.10266261369065,213.82450603065578,200.04211724504134,207.83783837895683,182.99983109198,191.104458474285,181.57289800853724,186.6112747193052,178.46879262575152,215.72781477185052,198.47098012202414,206.43463402324463,231.59161011535213,251.61262408508193,261.1769262271652,209.79192930685798,235.9881629021576,229.42102179969308,233.91509606051414,246.56434432528818,233.36039679698382,241.94069806841097,178.70079274277936,181.06473042649336,181.47593163101823,179.7198269970682,207.01566622178785,201.1734847503165,216.73586146293562,203.07538360140018,200.26979889797838,200.25157315522011
258.73750462721773,254.4193034394493,243.22951065019632,247.84563470956496,237.8671924675335,226.06862550297808,241.60662479215424,249.9440591973888,250.81911818134543,248.5335053510821,180.1042102896245,190.0648345368697,186.36690346951426,205.5539580326925,198.91322106269664,197.04841004413598,161.80046261239227,164.507289227631,175.77009340993877,0.0,261.2018805177155,251.49804725572375,232.63604773631832,212.6984628246711,227.8578135846937,215.6387722416393,251.0236878416693,250.77974379156035,234.31170864862295,231.3455679887734,202.46975199373415,237.26330941833172,190.94974115936077,203.0137448016631,202.4758776301082,202.10878401173207,206.93642987983597,204.16762967250287,208.43358681412215,204.61003924438262,209.9123602987854,236.4035694850157,249.89669125637093,228.47798989426994,225.5077023869584,202.95700918593727,224.39434840526275,214.61023984916451,207.69845575128798,227.92031010704497,195.65501398540604,201.0141569200962,201.68929669279228,193.18421789427592,195.08980510136462,220.29427259351775,196.0849938171859,227.98877188621483,174.5784141102417,200.43439162440794,234.9910444012824,253.5823210087636,243.05460249484966,221.10600729675897,232.76641444278485,215.09277459207343,238.33483817390004,260.8320147699545,250.8798653436691,263.02531013372317,214.10426062698093,190.23012159863688,215.04156682699877,182.05579116501477,205.7647655022459,225.3474143601699,208.9612903451599,223.122593413537,193.23665383977868,188.4724809438825
206.37832444566206,195.24780014139998,162.1905308684812,141.37230851866198,220.85472702680227,172.92970801284403,189.11238156906327,187.04528210776922,192.2393568000132,184.17276799240034,235.64947654894175,282.13590898166916,245.61397722167882,212.9186953051836,244.08233986126868,252.06515050729053,247.17638809463944,240.38407561951666,249.42816436719949,261.2018805177155,0.0,158.94998192171408,157.3553502526308,163.1235763043103,171.69239312292456,186.92223302424728,131.6450027727729,169.88572893847245,160.68206191155878,184.09384454486135,243.70617966978404,201.7361399811887,273.41254786672675,226.00521302113992,276.45589057309564,252.59903614037194,266.9564135210845,193.56841148501567,199.1873351886987,260.86842143547153,216.41077388354663,209.02639382858715,204.78335812704344,205.69181937511254,232.45917633077144,237.2540566767328,187.81021162906103,235.35841427975186,229.65462403458312,210.2842113802954,217.43279793089008,240.5167011726502,205.50055101688847,213.8844045744562,240.32262875736313,220.97507591400827,192.47455241145326,215.3375535945898,200.85886557667544,176.72485082388175,197.76211107825668,171.5908191257672,181.72372444757823,198.74444622848335,193.59997610228717,222.7973387818324,190.70706040343094,147.71477346585812,189.39796306510559,183.1772917177407,189.8843435397875,215.05616148496838,223.29579103371915,238.5511083766377,172.95883221347322,200.33055552528916,175.48557896098743,178.4628482904432,214.7953607403107,198.2180802100665
190.1284385617262,193.07414376092703,173.0914165241702,167.36145275208946,182.27245738870454,186.881526237325,189.857944219192,160.6950107743897,203.2903323277445,195.2273054617886,249.54840349323015,224.88507574924472,236.34454343728464,227.11749482330197,214.9309116278864,238.59363971359437,246.58973594178786,231.49636065252585,238.43286014874417,251.49804725572375,158.94998192171408,0.0,151.4718893422286,148.89605078796487,155.9870413155751,184.97808674255717,154.19153036111175,160.1634985538288,160.30429750320067,165.0980882867983,252.56209601120574,264.9841985630485,263.7910803060886,227.61313913596186,222.56641858720732,255.79112147733974,226.43991950752218,234.8304164249952,242.21443479914186,206.08776340399606,219.87016633030362,214.7092643037978,198.4127683148033,211.03816028662933,201.00356921569755,240.1893999469285,176.29152021107657,191.07223597103768,183.68140028238886,173.33980942794662,226.01755094741563,209.4579790745362,203.75375089470955,208.16373732660912,228.98186183778267,198.44798124811186,196.76718790730135,208.2429741862093,189.8016865595177,174.16209092009734,209.98575581202547,181.3793088458909,196.70640839760506,198.48726635449557,177.78403741824823,189.8205885425919,197.67303300698535,194.36359412411477,214.7444313548215,185.9921406381737,209.93884912482764,221.18348342325856,203.20736714727013,241.64120483960974,207.33730307289972,207.9878225475394,224.77127595796458,200.2929037040362,237.289203895476,231.98821545763815
223.39333584407362,159.20893916832856,149.38203846205943,153.0868163734584,165.63080789876983,181.98714249402062,198.76811327987275,177.33922581442556,191.49477685786164,158.1750588748559,243.4631685366703,267.72483726204183,238.0646817290201,254.19343795282106,242.39473066488478,248.35827718134112,224.42868695067534,248.77983990582345,258.0853129725858,232.63604773631832,157.3553502526308,151.4718893422286,0.0,138.2216989001529,184.46820801201034,206.05363744896303,166.23781126749589,160.491937808474,167.4157149995973,184.0053800099087,271.30685352192313,257.0089930518079,234.1016006995729,251.52469727176373,255.63944833144524,237.94554129202558,256.8921686557135,212.07213209037968,235.17318266700536,252.36309155281117,224.44065610530987,238.8161849109241,196.07212929765723,212.92199523757412,230.02124045036058,246.59887520763476,198.6488187858876,233.99466929434482,224.82416316069603,212.45254707353865,217.40565125935058,201.590294638726,190.01394322281416,196.00128462270192,209.92944786762348,224.49001486307057,196.78878751598324,217.1815066183674,173.6494402859339,169.82794683932457,187.6756343302183,199.46855084214403,176.41549726015714,176.19098892249067,191.31067101687398,160.94358830793308,188.52233648180783,225.56473781571032,211.75571191299022,221.29488641509727,200.8138801679576,214.81208270480673,214.4628351494944,206.63721632516922,189.51232186285543,204.3285135827021,241.56699542680573,209.37658597342164,232.79090101037215,223.98483673925364
182.17717055084097,187.68830085027292,182.74398112321737,149.10744362526304,196.0914915811878,183.38252923024126,178.93742446998445,196.36558544977666,192.90766450667047,167.87785836798986,253.75419810989547,234.88221044282835,213.8728494060137,243.26574894571135,212.54803873517807,254.4084973495335,223.69968207089045,221.98918527228344,236.93449822526142,212.6984628246711,163.1235763043103,148.89605078796487,138.2216989001529,0.0,208.90492416861727,182.49744049806947,158.42622666642856,177.68923065910172,134.86987142031933,208.94785347523833,236.1496728782904,256.313569327139,231.38219518875735,214.7511412405646,247.61961855870888,235.8754874859801,238.3327552124935,208.68596619191118,236.29744929679578,248.17642517018785,201.35855368801484,252.43173394799118,210.12735703965768,218.70254633153726,229.67731297551046,243.46403162861532,199.30555806850694,232.51184890928744,224.06429817954924,207.5394901040956,225.25207055029597,195.75394552474575,223.13721728616838,192.39636274812034,196.10394590377737,226.49275212871822,213.86496407296414,235.81024780712804,184.45656376476674,182.36993506589621,205.38958724490405,207.59901968391515,169.82523127979738,200.73162919061033,181.2020578060195,207.46282599122333,193.50546957213783,196.2084306027538,184.89002612494625,174.260755481388,216.81866723404596,217.7887552039345,216.7921191612928,211.57160154619314,203.91375388298863,216.32385899844058,186.8363730820731,196.7160765564683,232.37691838704254,195.65339514391943
206.18494918834634,201.0753805671609,193.68950478741456,191.82513522302827,212.62891842719566,218.08134016633554,173.4250873568372,196.1905057587466,191.2432573346328,210.62993753324383,240.9992780981888,255.9848349706465,250.07843735522937,214.76981573442663,208.4555878742629,204.399301361238,246.6360435696828,240.1536727897594,241.40339165395096,227.8578135846937,171.69239312292456,155.9870413155751,184.46820801201034,208.90492416861727,0.0,201.16469272621663,199.13768525943067,197.40495415601035,196.859943699514,147.50847782979073,243.40794280405922,261.9076361154864,233.2051946785238,220.05709908376562,263.62497510477755,248.37899311273404,261.77917061667097,236.32024983999153,229.1036258916341,218.883368314413,222.1203649405542,177.0434486603827,218.46968969836357,199.46130917353776,173.41353166587822,199.37448484599432,208.87373828092362,219.3924063336333,193.05882262156376,195.64233539038318,207.19639022343364,207.06848875070762,199.59517309853206,202.67877375195218,210.82002596442135,201.83361811006293,194.2822145523965,186.66962699582388,185.88924821366575,195.80460662294976,195.6078047027793,175.29362732014908,221.89398108476786,177.8058094691083,160.52716545970327,175.7579664748819,151.20123834707942,181.835912598448,206.27418588444053,174.25648377370436,206.6188685361713,244.55828530198852,232.83661914318975,228.71316891017517,250.4348199870546,213.6509287990048,194.60179027184586,222.78004821341136,195.0084834931447,231.02300330049974
202.0474821184219,197.90108702759855,176.37521823925601,208.68043282642864,199.33270908920775,204.8903935726308,199.44994059689915,211.64520060946137,184.1422843247821,215.16732225015772,235.59752331373141,248.92707559812615,234.72259885460633,225.04988975939875,261.00424608997724,263.0516629158144,241.46518552761952,243.62454039727308,216.2230103644733,215.6387722416393,186.92223302424728,184.97808674255717,206.05363744896303,182.49744049806947,201.16469272621663,0.0,201.1308578562972,188.15217489037013,166.30116556250525,173.22866566432066,237.79610610180472,247.75523909389398,271.01146268782475,263.29936612591933,237.63671943201638,262.54430517011684,254.83106078261255,228.5932313830631,234.75306205385934,239.67338760004333,209.9799766575975,199.7414488850354,211.60999070231406,209.60429845537925,202.58598282624183,209.42303441380483,196.0712878789023,219.60203388176433,218.9254941552761,213.149009234692,234.27618250128333,210.23056182701833,237.39397426623393,202.18550026017317,206.47277173062398,196.05312477300942,208.83259186737604,201.15865270895154,211.7693970527872,203.04322774832167,159.3978656766905,188.12771395672416,207.80324114675474,211.81214279035757,173.12396059317322,222.638111592263,211.38263887488156,187.8307007756266,194.0253181211671,202.0974427124878,223.2206076300724,219.5019766547239,208.2515705176396,246.0802736774041,207.07776639498647,236.9656661617214,206.83134653536035,213.39663587251042,222.93090383111547,218.7590570288608
