0,1,2,3,4,5,6,7,8,9,10,11,12,13,14,15,16,17,18,19,20,21,22,23,24,25,26,27,28,29,30,31,32,33,34,35,36,37,38,39,40,41,42,43,44,45,46,47,48,49,50,51,52,53,54,55,56,57,58,59,60,61,62,63,64,65,66,67,68,69,70,71,72,73,74,75,76,77,78,79
0.0,343.5101478599298,349.37854474835564,300.9874149064477,391.9328894418894,348.60400368727215,315.7076718575857,316.67760145670417,281.3245801684608,314.7903309088914,507.486507646419,421.73900779144725,437.93965690613277,470.18967039129916,450.6977877951962,513.332490676429,498.44001129191383,460.94305319125294,495.7266182411238,484.460393514045,386.1495243177802,358.3305154566533,418.62262074232314,343.27984935019475,380.3120928158874,376.77668968681684,333.0460141737732,380.0866815201728,303.24177066739776,385.689980577935,428.7752809297452,475.60135135890863,478.61689651901537,425.8956084641769,500.7280323029551,487.9727151118104,451.94301684131085,442.85044223261593,490.0071255286804,481.71892763579126,319.5455412292929,355.81631411487325,368.2282549164681,380.4702368087424,312.8265122470726,406.3634164637128,341.5430601367498,370.9946833099539,349.1307276111405,371.1810260942293,413.76160462317614,394.9820806245956,441.1597197525522,440.1276356936644,474.27858294948817,395.3620856270511,454.38145579445404,404.53887894155565,451.90080764074287,415.41039556130846,331.21746283596707,349.47178717797794,403.87374329864684,386.0629375694191,341.8758796413285,456.28984027302647,327.0236739591237,319.6853463113886,271.72396120393387,304.6035236401849,454.0269564468641,465.1658104687494,494.23911801995496,471.9313619165724,453.38221445431094,414.52401548896717,428.3867769742116,391.3989430365052,418.34966696928626,413.6353181600114
343.5101478599298,0.0,255.60301873753062,280.74932156925985,234.70008216739674,287.4824897501067,329.25690660361863,256.93147438554365,266.1297465400468,253.42344293045332,509.69196340412486,499.99962023210804,524.5002986553143,459.2975715691666,486.31029464732904,471.69020789533636,424.11757965979035,524.785433250787,489.5190581296559,479.9922417521965,363.4917261073151,365.82938586665244,293.19340149280373,354.2993151753975,374.95976145720954,368.96374099717667,390.55778486162086,336.42486097780255,356.55317135092196,343.9379884838756,500.1918155308664,466.6939113587125,441.06176186478336,526.5099885463572,466.64524683491516,494.4419176728196,500.97892070771644,417.40483899735574,442.18319214877516,460.07610209675636,419.4360032023704,333.5048829693877,330.1363040273406,396.4783150204551,339.6981167676044,400.9714850722571,341.3650754385847,392.8222272316293,423.7083354248546,387.76024090363154,435.3295094128367,396.93812925786125,424.84628219936513,428.7539977946863,417.6323598190205,340.5159373981932,423.00163625080063,372.6609106278746,392.80302835226433,349.4843681866547,340.9705558590295,389.8026006670987,316.6578733723453,369.66998889073017,331.47594508265206,353.0071695436716,308.59404902153784,449.6541151281774,283.1347289595627,407.47397898984576,413.9058765441337,426.8234554646555,375.42627130342515,463.53099236742156,431.54059843906293,398.3614181577351,440.48935222863776,439.68896668074996,447.68650130289535,398.8785329455282
349.37854474835564,255.60301873753062,0.0,251.97427094000244,312.949397765097,261.76467601211607,299.66973160114713,265.81256250785947,301.17384409408726,311.4321343649533,457.47697705677774,519.6355003463023,482.9943468523396,430.0132688395632,459.43013117653624,469.20251811592016,447.50362908335,489.8397466228244,436.19185937665935,459.35492203599046,297.5666734900387,327.24257224361185,271.6303309334029,341.94870832726554,360.7039943617868,326.6161607324241,312.817054746453,296.68679961373044,318.8053035245559,383.9621525771644,441.04950113357427,472.0133036441516,503.50213005582555,477.90562396928874,540.5819647008218,501.9677684801284,477.58028956195926,409.4531211884876,413.4112030914704,485.8774670259991,349.90271013603603,340.0077006808655,305.3023659942839,385.52866807980126,379.25368020491425,384.23420993451873,243.89562457311024,397.20998232470066,362.5986694798787,350.5605636156111,410.7488058096712,436.8572364771888,420.7372160938822,390.1345160380869,420.9411291081801,401.22495102950637,365.1454725269034,381.34510096700353,379.61211667069347,304.025020482889,331.1403827094877,381.6004948397341,343.7191743973563,327.1468143711259,314.8905863916403,318.14704850342133,345.06672223408674,399.74821546222915,304.5872165929719,357.07238787178244,425.61599505046206,416.7779940419806,432.3852883877881,454.6704745981788,381.2229760673713,391.3511505976832,431.06829019363755,367.8650357376456,454.89913533131363,414.7643037872273
300.9874149064477,280.74932156925985,251.97427094000244,0.0,338.270041070976,293.18638709619756,270.6426040364548,313.55031204911955,321.5946650065344,257.46125598746823,477.63117484142924,515.8962606761331,494.38205883335485,494.98359813978925,421.24452345705805,467.26043783748526,491.2172319692617,447.37124508297705,482.0107465067527,469.75197134623045,259.4475093015695,314.36151565699026,279.88721785751625,277.7061221043042,358.71747512187255,394.82331332765943,240.74267838034626,325.67296217461563,250.54337027474625,415.9065542653436,454.33106758096477,466.4428833937368,466.29789928217144,397.8917909032954,525.0410854560058,496.0281984787211,479.3201209108717,339.90973356396427,403.66669658289476,501.9073398360453,328.5383079759253,375.6223964187064,334.1970462061847,361.99396785501045,394.79839669053484,388.76592970231684,319.38393173534524,401.31454916669503,375.94976956798615,348.54847118249023,445.68602527921996,432.453462233233,432.7901733716235,394.2853565416639,427.1066695724973,411.57113619704677,386.47868668000734,445.16649361722534,373.8235641704982,341.85800788222787,355.84122641585157,394.2940146268437,316.18944336161553,344.39349884050125,323.14970215327037,381.52193283511843,353.4595257946401,339.1973056128531,345.592355628102,343.91397894342805,405.0342388301528,474.12726096289526,451.66979820115864,408.6436124686269,396.49469099436266,423.2094505314719,367.099196607795,380.8179563267883,455.48464464149134,363.52909253427003
391.9328894418894,234.70008216739674,312.949397765097,338.270041070976,0.0,288.2047318183382,330.6403369333255,326.5867826030427,281.2925752382246,244.3231286562084,523.916074774189,495.03594419554673,507.8078300758073,509.7997587709543,515.8819821262097,527.0182767740872,440.4864305729601,545.7114294076355,477.5330585374879,446.2458013728354,412.81885126099104,345.2764716438753,301.70512434612397,371.4334599435815,393.8862664758937,372.99264676554793,417.42652452062015,364.6121364260865,361.83652065913344,342.04736576324376,525.7338405161072,524.9794491999329,409.9850421192664,565.5962955313045,464.2722999144347,466.77410721458034,471.03257321633964,503.97159922013094,432.25513033549277,493.44560573888884,460.3346919555486,349.45434546619424,280.48470699556964,362.84236755634134,363.64875664440353,381.45474012379555,353.2586495776885,362.74383523315606,409.48564419319194,353.98616556548774,456.1723084143084,397.55914193720673,407.8131885741067,426.16132881546986,389.84813539195954,387.20146291053544,458.4137625925117,390.52451365518823,429.19496742456755,427.3531556783761,378.35851771897,382.88934485512203,268.75528126000995,391.2968128108027,349.3458490237018,309.06736738471255,332.7238266702967,417.68258142156867,294.5575162705354,459.83413800749645,388.8495282520597,469.6294829134669,390.76228625783233,441.90820652502725,476.04590740201076,445.25886046917833,460.2849113948647,497.9766352890675,456.02024230666717,455.69126971091373
348.60400368727215,287.4824897501067,261.76467601211607,293.18638709619756,288.2047318183382,0.0,348.0710097814285,312.763717499778,275.52580318537395,326.14960672407165,461.2329211270294,448.08093058407457,422.3078468574578,450.32952676619203,479.6801007997785,483.22450177277346,399.3152833229727,464.0898447778377,453.18545724388554,426.8338923114308,318.3754667924127,350.1960142828944,342.6445812637963,344.9857789731475,409.8123039094572,384.991032060106,345.1206348483354,326.2365037240087,347.0710706309814,360.8346876238081,411.69153307950586,479.56624794295783,420.7631971660401,439.6876337631201,445.887314324408,449.15963047863465,420.6747997461561,437.97617165332855,389.74889662979035,441.13384701440657,292.11860483997657,311.08794733192826,260.9652968020798,416.7279703452766,376.95301995914195,385.15492315367294,255.01103305650338,344.3891679202029,350.18930342335364,333.5020237877445,411.5302301879189,460.87511403917426,416.85509741622786,459.5808323509233,407.23253305779355,380.84391754028945,376.481469001641,391.93057021731676,435.17610636987064,348.62027863852444,392.7721080616979,377.3464696828081,306.05625944957234,424.56071725398726,395.6684053329585,352.9391066739135,357.3216776712431,364.1300426869676,314.56529440000685,403.6314920029277,318.11392657928303,339.07445897621824,421.2501301220909,431.3343987853098,393.62394718635016,426.6034267594198,412.40273256514763,385.4311211038301,385.092008886283,412.2422756028166
315.7076718575857,329.25690660361863,299.66973160114713,270.6426040364548,330.6403369333255,348.0710097814285,0.0,324.1590738118425,316.23268300942584,303.72994906232736,449.54398495070296,468.2301893403935,395.31632428379635,445.9430743968894,373.87298603064966,402.56172046138516,490.98819492500263,447.2361124534436,440.5064971405168,458.3579040812906,354.9731250144195,361.23577189703303,369.4036204725453,336.70794640681186,325.4383934499038,375.81307731970435,369.95689419117656,379.76809095936915,369.98631877345434,381.3340404257299,364.6772082861503,466.4433480648818,419.6865751804217,404.1130182763724,518.3499743547062,436.6507754100534,430.9402832633047,357.1756164593695,365.58770256530096,418.8253069669507,363.3529214241049,297.84929882880255,336.0855398377479,305.1402405670372,297.2039439526647,371.4964054690797,278.08572118379215,409.4225690154644,295.73317804115396,307.1782943616294,415.5831890164698,384.14099453545117,408.72238443268367,389.7414544449041,380.54535004996103,356.7987857157893,386.18896389540976,375.83328107190897,371.72636275800556,393.6677482436678,354.800157618648,328.5304633518964,343.901441733127,340.06830899111276,285.237684372962,382.19763758562385,325.2908506150121,322.3941862332671,335.9332440646032,321.83871629955655,359.93496494020025,466.42997073888597,414.80525000743313,363.0181745315822,459.6930254762809,403.88846243839066,396.1946963999894,415.0234633723949,405.8807548151844,393.05079929741726
316.67760145670417,256.93147438554365,265.81256250785947,313.55031204911955,326.5867826030427,312.763717499778,324.1590738118425,0.0,278.3957765220511,323.17791528702975,481.2992272700455,470.69325958426043,434.0570151357179,445.7967303566,431.0412103744109,403.7368784238118,429.706850843509,495.6501954263488,494.23973429009936,473.3721774746688,345.3220263905508,300.04156073966766,326.97514915263497,371.6871093335949,362.56800952113775,397.46521995191284,379.66460035147446,293.07365133307167,355.9740766203989,367.3792265174418,472.58099570868916,494.6774989547863,502.19744767244663,415.63541107044534,509.11745729147464,478.8457304930616,446.1300810113677,437.1591543636004,423.13813935456,443.11320589925566,402.0374120274007,386.8875298645014,356.3341557231905,375.69013350850673,323.42035228847635,447.8132941070181,312.11831080265546,402.7286630780847,362.2460670686584,362.88844529331357,417.16660924561126,440.06952245910344,434.37086093742056,418.82018056894333,468.1393645183015,424.47804872606133,420.22219511551,418.55285791179017,346.4874623819587,275.9508170883747,360.6960225032396,379.09144997927893,399.6436033749366,343.09895071740647,385.68238371474445,398.06075139533965,355.74228591098574,410.5978923047386,330.7017761552326,431.59204172980816,419.4374114302767,448.6387846766484,467.41640850700315,478.04835493659533,394.67936549188494,409.0230976578548,456.090062765687,388.46890181950124,409.8452664785397,405.4808834161387
281.3245801684608,266.1297465400468,301.17384409408726,321.5946650065344,281.2925752382246,275.52580318537395,316.23268300942584,278.3957765220511,0.0,301.86206252217175,491.558124778622,497.8921635389644,421.7707530288195,436.6435062918295,455.0536081892593,472.49176684260544,439.82521921985216,519.0032534223882,460.10647180887116,476.5419542296488,357.05449850783924,386.9582028807084,356.6616859583299,363.026841639665,355.57833839593343,341.14904551088875,353.28648738262973,318.38326224338743,280.1760611547978,323.321707013177,463.92002078303415,450.91995316299824,466.80457910235305,473.72249075508927,527.2247959968947,434.25009575487724,420.9010392721943,423.17056689564697,385.9452043683924,479.3788040104355,387.92289529428626,335.521430544465,328.64999389259134,347.59069389969164,341.3637568908448,407.14532620270023,291.89525821768547,383.44293473332834,374.2190953017257,395.6073048879194,384.0566460569755,391.0286266323673,451.1628196345122,434.3021268301659,435.396842038222,367.62749985983913,409.6535892264704,398.9696590026217,416.85791402496693,341.61775553950645,314.7394760186737,312.39578373564314,335.18820999421166,355.13858743557324,348.3167728989656,371.4467718115588,301.4269449607503,325.1364618134658,254.0854142043611,402.13282442532073,370.9699944238793,398.4090040838154,426.02262187573564,478.28061653219294,430.94586213176524,428.8280984604122,435.38875874698664,389.4432769978979,395.89427162385124,438.81546961471315
314.7903309088914,253.42344293045332,311.4321343649533,257.46125598746823,244.3231286562084,326.14960672407165,303.72994906232736,323.17791528702975,301.86206252217175,0.0,531.8391593985816,542.8735911691265,513.8029292511126,554.8708917704178,479.678342948067,544.8292174599704,499.3070285602653,505.0578609609993,517.8525894329775,467.392989797531,343.31180792415665,372.1166954206984,293.76719938480716,312.3843797095422,394.6329289209126,403.61458446334086,363.1052609894056,337.6437388627966,319.28809379834513,435.7775762345573,518.7571888654327,478.3135560554412,423.93735672542306,520.6044856002145,498.8666968053154,492.1420366489919,519.0882639621054,463.8272232086812,409.63182553504595,502.7623507814016,396.03874293500957,382.7423727307623,335.79123350658676,379.0258787288181,399.3447609449284,414.75396878645313,342.99951582572237,391.3335404709027,433.7672356728391,357.53768490780806,484.55587794790347,446.422511663497,437.3079997594809,458.07814524264944,462.0356450463755,428.16783024357727,460.5442118824261,460.4295621835095,409.18878331161056,389.7440628357325,351.45879833998424,361.81995927874044,258.3585224832893,395.6720221526258,376.75670143736113,377.00965381029965,341.39140723143794,403.7539076082175,244.1624002456054,422.80474423546286,438.50598091166535,489.2453989466122,431.8770126245086,397.58403436097933,486.2402293575365,451.6626554283311,418.8162278160129,444.29141888544586,450.1396526179996,441.98559272473165
507.486507646419,509.69196340412486,457.47697705677774,477.63117484142924,523.916074774189,461.2329211270294,449.54398495070296,481.2992272700455,491.558124778622,531.8391593985816,0.0,309.26457351383414,300.7322297839945,328.6380359206384,325.64013084021803,281.6773503167959,253.04667452262473,288.09137237376194,305.749940371124,325.6429608054675,447.14267913436765,476.3355022093944,460.03525097136736,482.64982051869794,454.194789730228,442.04851860340625,422.81902216597865,449.3134652245894,480.0056551334909,444.6763655043696,354.52354829049375,347.66265784565013,364.60140153808965,326.1652973874142,345.06840506417086,353.6202250594537,333.8856140140619,373.4719267832945,353.02309616892154,335.7269980879063,397.86109815555653,443.6938422676364,493.04077923209246,435.02128946640045,431.22153741788685,401.7773995260265,432.16366047818,446.85422496351725,422.70688298932293,445.2820185803855,317.0976984674895,353.83021620221393,329.47314170371607,359.1690544835179,352.01176976062294,399.7610515482258,347.46722368771026,380.98669312715805,344.572265864331,393.7809530639997,447.4188416678363,470.4418133099614,479.8689232330213,407.2390573427116,456.0946711716647,457.632653028399,484.93549144391346,471.73719003520637,485.2665062715204,480.17978101669064,331.7948835683819,349.37954835173343,393.1293765608911,339.3436751651144,342.14533769289625,333.4404098492887,359.74878100507897,352.0624227778171,322.51430887871555,340.6908101113715
421.73900779144725,499.99962023210804,519.6355003463023,515.8962606761331,495.03594419554673,448.08093058407457,468.2301893403935,470.69325958426043,497.8921635389644,542.8735911691265,309.26457351383414,0.0,272.83068723957564,306.9296468480485,327.381751401236,253.7369845639651,314.8668162910148,304.6799557877702,310.00473239353124,344.25210301606603,539.2192920958246,427.509138256773,508.53704886023024,448.2337538856129,484.07531923778447,470.5104018456886,417.52605532640615,448.3576821112119,471.4206683629729,409.0257029547786,306.001163128178,390.34203683199866,344.445667783051,370.40851493859026,273.821787389188,350.8731718423175,235.18093500163752,392.4160605808077,433.9962796800237,312.84032767381694,391.29699044927736,428.59079746966614,497.9971510431504,452.22379059483825,380.20058008520493,426.8088808605574,428.43953953793203,402.07408371114644,388.3394098666214,436.8312134157308,360.34454881452933,334.6196749610136,378.6070459965832,370.44776677589834,316.9172619276912,361.437059302693,366.51682226470365,348.5551039804369,419.580603828549,387.1837815611537,473.49697380011884,481.80838845451655,491.66420165713976,418.06986418051025,410.05384934736503,488.3676806200068,452.8178042370443,444.0248134462302,457.3592911210027,390.7067930646927,357.6037809327128,328.70237483138453,401.82629645010337,360.23582772441097,422.70081234752536,411.5629235221776,461.29644445233816,374.56378238945393,332.1327705473658,378.9010257186025
437.93965690613277,524.5002986553143,482.9943468523396,494.38205883335485,507.8078300758073,422.3078468574578,395.31632428379635,434.0570151357179,421.7707530288195,513.8029292511126,300.7322297839945,272.83068723957564,0.0,324.35697480989916,314.55504264466447,295.6732403503707,281.3221815273529,318.8892491696981,341.8939766472316,341.42072720814684,467.88576023294974,451.20139971386067,451.2158724134333,405.1775694253562,470.7195769056177,441.3732419505353,425.73917334946253,455.8648638534671,444.1990514750112,417.12214145371996,283.6076907805961,355.47920563575104,375.08577490321994,337.3672784359815,393.45382314340105,311.7989308711368,327.7366332839189,366.81171764911096,359.2723161953151,324.830129294261,380.1564016942859,430.9458339192661,504.22331270399735,425.35430118136475,370.746562491205,410.32464135459594,406.5389003789921,437.00788543224024,367.0718742838418,453.74561586807755,341.4503717781947,352.9965800281452,369.0630879861029,383.4613177421725,328.45401296897273,403.8728937764739,367.1068261146247,409.85419751789124,349.5812685267618,342.81540721615465,470.8197961583612,422.32623220892725,470.066574882522,431.5631807130113,442.82715823377634,491.6313726374096,461.0521000805188,402.96648744500646,479.2398298310376,441.38124440860014,354.71973348911,346.73824454110036,409.1747768361172,352.94770780808847,378.90487192418135,398.29155714256956,425.51970041776076,342.6848695872525,347.8703197818043,356.55496125564076
470.18967039129916,459.2975715691666,430.0132688395632,494.98359813978925,509.7997587709543,450.32952676619203,445.9430743968894,445.7967303566,436.6435062918295,554.8708917704178,328.6380359206384,306.9296468480485,324.35697480989916,0.0,338.67387338230753,250.04027070178603,317.1130727912315,341.54658129758394,312.16553035211297,377.18967326386326,401.74917170360465,430.72498007099404,480.40217577033343,462.1555617054147,400.3480867436015,420.57558779821323,416.89693585733704,396.581928744237,447.3783888187357,356.6614537651227,311.63560875784265,306.5786262923217,388.8007213541512,357.46929926402305,399.18974154342544,357.74688033267125,287.5877570241019,354.38537869666516,364.8626201300582,338.60407088859534,411.705896245004,373.8790392281947,480.41117628865896,397.4346050441452,413.051558375816,395.25292769599514,427.58888506224685,472.1429531578486,385.71491208681755,438.78032026719677,324.94912535740025,382.76745368494807,405.1507703102971,325.6521761121935,360.6868068221163,394.57142631026807,314.22074544310976,296.22952005061626,363.30827500118846,351.36918043019796,410.14092094397563,436.903665990393,484.6957695583244,384.469135705955,399.19699187594233,410.49130586321104,367.7077327134421,389.7816271426004,417.1112531227999,367.18732961433693,339.4379087241702,321.1155700808592,331.15571212378086,360.46187331317276,400.7079529846716,349.10771673098424,347.87838963891573,338.68531583753185,396.89657870605026,368.1642683263325
450.6977877951962,486.31029464732904,459.43013117653624,421.24452345705805,515.8819821262097,479.6801007997785,373.87298603064966,431.0412103744109,455.0536081892593,479.678342948067,325.64013084021803,327.381751401236,314.55504264466447,338.67387338230753,0.0,248.54592518131997,364.22758960829765,357.8289873042103,320.99134126544124,369.51153816361574,458.84959794562513,408.3165667855746,457.343565608609,401.9830457097374,385.38270054227326,496.147698499908,394.0832468130191,401.25110424266296,449.3395242537199,430.287733827191,332.872645949697,412.310249817061,322.32513119170073,292.1451535512775,411.7156859514727,324.43471324417845,321.2805138509351,409.7890901583408,375.2743020298114,319.6739370465778,403.7557373594947,432.37481414723834,484.8818446864983,413.01420680626336,391.97638581354505,364.5721475600755,359.8285214850651,453.90835403753465,380.3531314420446,394.2668512007201,349.4666396708873,334.4451627793429,354.33294382815615,322.8431914821152,374.3227168497076,425.94730606009773,378.4740966777158,352.69487565492153,303.2786059460392,336.59832447163006,464.76435739372613,457.29048703134134,498.90109242557935,406.3244664539074,410.427357868436,391.8248863238921,440.0196166975957,448.45341957985113,468.3751637001928,365.3920421049847,362.5470825385915,386.8050108080597,354.5254586895253,309.1467656883903,399.68263911287517,351.86649770912396,400.3683650066072,334.0499689508487,298.0060562906135,384.26048448464775
513.332490676429,471.69020789533636,469.20251811592016,467.26043783748526,527.0182767740872,483.22450177277346,402.56172046138516,403.7368784238118,472.49176684260544,544.8292174599704,281.6773503167959,253.7369845639651,295.6732403503707,250.04027070178603,248.54592518131997,0.0,311.29778042797983,335.22262110669476,306.0905617858491,366.66312629516733,475.89629431827836,454.39386874047716,470.6759980473899,486.00961966743057,375.14668330960615,498.48488253196325,456.2446234060521,395.03491750488223,474.38263394893085,383.0277376796374,347.2264299304082,353.48243742875053,327.2121321754109,300.4742458504319,388.22706139259265,324.78984392419085,280.96022307873847,354.64241238539455,341.4250136425593,271.3999787715919,411.90925789294903,411.3935806813133,517.4364473241396,406.6364228706392,377.2578610208163,363.8575429538174,420.8875869087107,437.3902601887573,374.8052116265964,440.70860084602907,313.42706570084505,333.85643073905436,379.50807352948664,318.9342908894287,326.7834863839127,424.73474906940726,349.91533543372265,347.5900724224561,321.767866741143,312.06379304931045,458.23108002786466,471.0507584637461,517.9612271178391,353.4768782029816,406.55931427877493,429.86764987704197,440.5341058427924,452.73177683102324,467.8818944580814,406.6374332664109,307.79634434341034,370.5737248618508,337.33888217407747,327.20714447891277,390.3356728562291,354.45147491528195,395.69347339604536,362.7368691214892,334.5282572134802,377.50976928385796
498.44001129191383,424.11757965979035,447.50362908335,491.2172319692617,440.4864305729601,399.3152833229727,490.98819492500263,429.706850843509,439.82521921985216,499.3070285602653,253.04667452262473,314.8668162910148,281.3221815273529,317.1130727912315,364.22758960829765,311.29778042797983,0.0,301.54124275353735,296.0314628473858,293.9039436936342,466.0971083535755,470.58110538520157,421.71995141149836,425.8618472438338,465.21509445808124,454.98084088967886,470.29509966220525,442.50902018390633,438.9640899566857,386.25201801270043,364.99808385119684,295.73386679979524,347.86895454523017,378.6479040088763,271.8851538720358,316.300364282348,307.1925486516673,387.6034255692012,288.29557277210165,293.21113185470864,417.013649001921,405.78798080303994,495.6732347834999,462.79458997019407,400.95168017431524,419.19929872274463,425.4072164429914,427.0101220064988,406.4501219029362,455.6882251954316,289.9417437790772,393.56479852985996,350.961457802704,356.1828806436575,387.0285385041486,381.0611978504623,327.68375994909746,382.64142589177703,333.41157456075086,349.88074474252085,479.7811098824314,439.9915824940864,474.78851623557034,402.41182273635394,461.17448822215925,417.3964589049848,421.28414639745193,513.1303393878601,438.8082871900249,482.29639043838375,340.84897610598495,299.5645600306997,330.4876308011364,340.5739942496956,283.5285365765742,310.8721369878344,386.13499567852796,411.26600617500486,356.8404205835614,318.81469821135903
460.94305319125294,524.785433250787,489.8397466228244,447.37124508297705,545.7114294076355,464.0898447778377,447.2361124534436,495.6501954263488,519.0032534223882,505.0578609609993,288.09137237376194,304.6799557877702,318.8892491696981,341.54658129758394,357.8289873042103,335.22262110669476,301.54124275353735,0.0,305.1034113773795,295.8512736845627,453.22264670946817,441.6348111054813,471.4848694594684,420.84530421605115,453.7093211619022,456.6213030620945,409.2266302689168,443.59261927582526,460.53521283056153,471.699558927705,316.38777927836844,349.3052900833255,383.3346546557962,325.7148353342175,315.63255132045333,357.81791784993993,327.0409853112703,359.50558010481865,388.18769027779814,346.26356129034747,325.1667974184191,451.18478058610816,510.39166965101793,401.90344991947006,450.29406614021065,379.307616303988,439.6871394622849,455.5696628115145,436.0190480445775,441.99825284657146,329.842106499188,388.14239737327784,342.64130247690366,384.82599436720307,362.1990238050589,374.568325492959,357.1164643488719,385.3251917751288,381.3351512667804,402.9920849424442,477.6387113610784,506.88005841631576,471.4666000349181,424.9299898344291,468.7876478703224,501.7568168118903,452.22979365368644,468.2162263551012,496.04533586675626,469.6239916513282,376.5082782322891,357.26904174155123,394.2908745871337,334.50877221388475,377.5468458544,342.97513433634805,334.2787252481546,355.3879456335511,393.0467073420855,318.10089695719336
495.7266182411238,489.5190581296559,436.19185937665935,482.0107465067527,477.5330585374879,453.18545724388554,440.5064971405168,494.23973429009936,460.10647180887116,517.8525894329775,305.749940371124,310.00473239353124,341.8939766472316,312.16553035211297,320.99134126544124,306.0905617858491,296.0314628473858,305.1034113773795,0.0,317.2499562406959,471.9179701328945,458.2169909653379,487.2902992534759,450.5985768317149,455.02287121409597,404.06451992929203,390.5543231352834,402.45765520305787,445.346285374688,413.06016690019555,350.0132342317722,363.61865821206743,391.3622606021846,390.29263062833445,342.90211351222996,310.50920128927305,292.2743703494737,350.37227380996694,338.1376949498416,330.51405628254315,398.62444427543903,406.4038349566607,433.9380310215493,412.02326410620833,412.0911847592296,385.5289214659408,388.5688825691507,415.9230283624553,399.28887391469476,407.1822068525132,377.084798570743,395.89949419159234,342.59108645760216,361.0994759163241,340.4741604648186,347.91875188264555,334.4209782447731,408.0286868441294,375.3396693399248,388.1030519033155,437.4707328098836,483.3321363328019,504.9429182229411,401.94971986672385,448.28787704767797,440.1418387424008,447.4767234793024,468.66746521732927,448.16608391454747,466.9687334802053,335.5909171465758,336.83096242910267,344.3240552428914,338.4982389201307,395.70471060610083,377.41794248848026,414.64208480933985,383.7224073350152,380.75887992721454,382.4204145704082
484.460393514045,479.9922417521965,459.35492203599046,469.75197134623045,446.2458013728354,426.8338923114308,458.3579040812906,473.3721774746688,476.5419542296488,467.392989797531,325.6429608054675,344.25210301606603,341.42072720814684,377.18967326386326,369.51153816361574,366.66312629516733,293.9039436936342,295.8512736845627,317.2499562406959,0.0,493.3714001798453,480.35714891624923,438.9617303952446,403.82216826363106,424.8408543042961,406.11742742575393,473.3350586523945,473.03047819631587,443.1359607606208,431.58110424069395,376.22383259776234,440.6855831851288,352.63441719719515,378.4685479085606,380.1943055379299,376.7139076964112,389.3983149714378,385.670224702566,389.2780363083172,379.0521005859871,396.97337238867993,444.18286245815636,471.3387094113402,428.42525201264465,429.44562952729086,384.3978590083833,426.5726125566984,403.31090788384853,396.0093164151292,435.7494899076775,368.2135724758767,377.6562597187582,378.68359750310583,365.2894397426051,369.9186617818997,416.50914518330944,370.3949782411159,430.04682825538987,328.51954272187703,374.4130275309781,444.5715115037508,488.450962117979,467.09876898364234,423.85473725845065,441.7455184570536,408.181014996369,460.4249984024962,501.6127093617383,484.94646434655965,509.72535272598947,404.06163822114814,355.84863064720025,408.7363569972218,341.7782569323462,393.3377782490316,426.8951338502314,397.2485178746951,423.07985207623744,362.8206889757159,358.41501960302514
386.1495243177802,363.4917261073151,297.5666734900387,259.4475093015695,412.81885126099104,318.3754667924127,354.9731250144195,345.3220263905508,357.05449850783924,343.31180792415665,447.14267913436765,539.2192920958246,467.88576023294974,401.74917170360465,458.84959794562513,475.89629431827836,466.0971083535755,453.22264670946817,471.9179701328945,493.3714001798453,0.0,298.2320120659217,287.79480448017335,303.142346998101,318.1684313722859,349.2814009719258,237.41558534341522,315.4501502491864,299.8622497211763,343.58083129282267,461.4221207392526,374.15185887939157,519.6834988784655,424.4414060203868,527.3115087726939,476.6539630285618,505.9462507930496,362.14038758552965,371.06897904305623,494.3781836513468,408.25267592375985,390.26537224541516,384.162506108879,380.20349358872204,442.8482471033415,448.90921804519076,354.9681598411654,442.42178146132534,440.41475792697116,398.84231162338824,412.8795724874958,459.4913747324651,383.2173220681154,403.46066342270797,458.22168869718865,418.5510407041144,361.7950655375128,407.9980260328769,380.18045538892295,329.8662407860868,369.4183690590801,322.9778466722282,342.94040947031755,378.8069563190538,364.1372317162539,424.8739032013621,362.69278788768844,274.1335349888311,362.2293372651215,350.76765173148783,357.02998686614467,406.3197821657392,427.0363035188507,459.89456270953525,330.78965733326135,375.05795305195073,328.19491250779873,332.81143668655847,407.43000336921483,377.04313147924654
358.3305154566533,365.82938586665244,327.24257224361185,314.36151565699026,345.2764716438753,350.1960142828944,361.23577189703303,300.04156073966766,386.9582028807084,372.1166954206984,476.3355022093944,427.509138256773,451.20139971386067,430.72498007099404,408.3165667855746,454.39386874047716,470.58110538520157,441.6348111054813,458.2169909653379,480.35714891624923,298.2320120659217,0.0,280.588735028332,276.7729808849186,293.3545567133409,352.45990794358187,288.00420579426765,301.58984076075086,302.56750210690063,313.75120129070825,483.2113228926576,507.02772151341594,507.3485376340435,435.4617324650141,426.4455892435869,492.1261991436896,432.06700552088773,450.16342566318946,462.469214944009,390.00860129010823,419.6811239748794,405.3674077570392,376.9871988348135,397.80598538388307,380.5045794866463,457.5421675185776,333.02678832147984,360.3389623557253,347.56238547156704,327.51753359785266,428.82631671303125,400.14314286485757,387.7808670012194,394.33816813425113,437.22941266314467,374.7499204367141,374.38762370515207,394.76905560787367,359.4535954811717,331.2796104147248,399.47370727906576,344.17444944805317,375.3016525410286,380.09118987139925,334.0883449394428,361.51108368907245,377.4512680219594,367.7412045618529,412.36418168218404,358.0912872547925,396.0924559889492,419.7062348753118,388.31586600460946,462.88114213642814,397.8975718544927,393.2487968697227,429.71130736972253,377.7365974104656,455.3028435052337,443.5489248261862
418.62262074232314,293.19340149280373,271.6303309334029,279.88721785751625,301.70512434612397,342.6445812637963,369.4036204725453,326.97514915263497,356.6616859583299,293.76719938480716,460.03525097136736,508.53704886023024,451.2158724134333,480.40217577033343,457.343565608609,470.6759980473899,421.71995141149836,471.4848694594684,487.2902992534759,438.9617303952446,287.79480448017335,280.588735028332,0.0,253.942484866264,342.7715534784363,388.10224535538117,305.5574411028397,296.3201081320827,310.6857937540452,343.2297808255705,518.9983794831423,489.9571352635925,442.69955611638034,477.97515227542044,485.47697965165753,450.19063304231634,489.58827217844527,398.4517986217365,442.3438501851596,483.5205383727206,423.47221527479724,451.1040480679788,363.30477387587604,397.6801317279254,438.51683743266864,469.59601661618973,373.4016129828915,440.0695634330725,427.0260672621193,403.3854586967603,411.74155800918993,380.1028695889502,353.1530209758783,368.9326294968454,398.7366404851866,422.49509654893575,370.88602390454474,408.72784501506993,324.0262095207111,315.3069065547562,350.78723090663567,378.74763520443486,330.45334205295336,334.35121632442497,361.0322553978477,300.3183091044444,357.4133567792729,428.06228055594664,404.1002948882818,424.40715146324135,381.11095299211235,402.29475248479343,409.0354709343841,389.92108338802774,362.77782712283033,380.973010760463,461.235601658895,397.43609504488325,440.1651140464852,426.2249656040405
343.27984935019475,354.2993151753975,341.94870832726554,277.7061221043042,371.4334599435815,344.9857789731475,336.70794640681186,371.6871093335949,363.026841639665,312.3843797095422,482.64982051869794,448.2337538856129,405.1775694253562,462.1555617054147,401.9830457097374,486.00961966743057,425.8618472438338,420.84530421605115,450.5985768317149,403.82216826363106,303.142346998101,276.7729808849186,253.942484866264,0.0,398.6991761043455,346.0677005762232,294.27600011650054,335.18145816138787,249.3146449240746,396.6090937959141,450.15458749103186,488.60661393486123,442.6437976401202,404.7193646063723,474.4370453394941,451.3678487295711,453.39712989259505,394.86412056849787,448.36835245929734,473.59074522340933,381.2965179748909,481.1623299052425,398.27221820908693,415.8911969040444,438.2431747315195,464.21961945903865,378.8551557779799,440.64382563281254,427.2970914720917,396.7346366429045,428.62217696190163,370.9576367402665,424.98264365070537,362.26285612433253,371.0563544079697,428.8219242100768,407.35304944265334,448.3950568191206,347.4390641903687,341.07645574047854,389.3608809452226,396.1151256015574,316.4794504804484,382.6618847344799,341.58379133201856,396.3607931093798,370.4115222859379,372.85943856013284,351.5226182963151,330.9323943467617,412.62511872642494,412.1349178537142,414.2027551149751,402.18058688096045,389.7608525229445,409.60935120860586,352.2411316376063,370.589911184425,443.20519139667533,372.79260931549686
380.3120928158874,374.95976145720954,360.7039943617868,358.71747512187255,393.8862664758937,409.8123039094572,325.4383934499038,362.56800952113775,355.57833839593343,394.6329289209126,454.194789730228,484.07531923778447,470.7195769056177,400.3480867436015,385.38270054227326,375.14668330960615,465.21509445808124,453.7093211619022,455.02287121409597,424.8408543042961,318.1684313722859,293.3545567133409,342.7715534784363,398.6991761043455,0.0,371.5107498284302,369.725979518092,366.46726967357927,371.1618204270505,265.3454504263376,455.9427836974727,492.20324018085904,436.24047894462745,412.0842615493172,502.3329707190722,466.2541036847835,499.4253707879211,445.94065950924505,427.38798026976156,406.57695403317297,421.42673214503003,325.5226721582842,410.88006339723484,367.83648885655015,328.81604454008306,376.4213482703282,394.0688732132092,411.9125059218108,365.64993614686273,373.0605821250818,392.8144470515434,393.10220192204247,372.97939801469494,382.47093769170414,402.5774468248012,380.70099179720717,366.2473156378356,348.08531567771706,348.1805999091785,366.8256958732626,368.831156876388,332.68834680008325,423.70811822678434,336.4003190753999,300.5898116134758,332.7411636540097,286.8508957263975,342.33848567581595,397.4327507928399,333.7058380190746,391.5479859107802,465.31268515224554,446.3574432079963,438.53660736001933,481.8648906124277,398.86667846125147,366.5679894180483,419.9179787385559,366.52395050345103,441.9757820959841
376.77668968681684,368.96374099717667,326.6161607324241,394.82331332765943,372.99264676554793,384.991032060106,375.81307731970435,397.46521995191284,341.14904551088875,403.61458446334086,442.04851860340625,470.5104018456886,441.3732419505353,420.57558779821323,496.147698499908,498.48488253196325,454.98084088967886,456.6213030620945,404.06451992929203,406.11742742575393,349.2814009719258,352.45990794358187,388.10224535538117,346.0677005762232,371.5107498284302,0.0,371.55576698475045,352.24903103167003,310.3459360589724,319.90456495519476,445.9834343404407,467.8593638823731,515.5004403399138,497.41292046564917,452.35141082553025,495.4639945021403,484.192574389829,432.86892104778013,443.95404601445324,454.5236767130012,396.4041832737354,373.11286000370706,395.5388868919187,389.4177595927513,383.3020001306721,393.6819300448862,372.8281383185119,410.8330375311235,418.8286042975621,405.84566258338043,447.97633096110206,397.57120492089126,448.1246088693221,383.0906268089116,392.60251478552556,366.7620268369395,398.0324185947947,380.2060753985731,401.5573098344298,382.587146848692,292.7248034222933,357.63377373816695,396.02577931216973,406.9484867781741,324.5628698894496,425.654963058526,403.64082921968435,355.8549653210729,370.0324657087771,390.3286945987645,425.1707105864791,416.2825173730595,398.824930677484,470.80694633305257,399.4910794097053,450.63397515854166,394.2917772232034,406.0442083018962,424.93020038556557,418.9088786594691
333.0460141737732,390.55778486162086,312.817054746453,240.74267838034626,417.42652452062015,345.1206348483354,369.95689419117656,379.66460035147446,353.28648738262973,363.1052609894056,422.81902216597865,417.52605532640615,425.73917334946253,416.89693585733704,394.0832468130191,456.2446234060521,470.29509966220525,409.2266302689168,390.5543231352834,473.3350586523945,237.41558534341522,288.00420579426765,305.5574411028397,294.27600011650054,369.725979518092,371.55576698475045,0.0,304.2450976594816,278.0429612360611,397.6558374705169,437.1221650339149,451.8035759781614,532.2896295290496,436.6704640352874,458.3051473837799,451.5422210967228,438.1373723912371,406.4699773593214,454.5206968805733,505.5265754064716,357.53394723082556,428.8174924391471,414.4370279385093,399.76206758770587,443.99624686535395,431.3803567978173,335.2442154164361,438.45577890760205,441.1294811800401,345.56480512228524,431.01050493251125,412.5075530523914,368.49139903386293,389.70351556911965,405.5900786789907,413.3963875276015,358.78926300482595,414.42278396745326,381.2891950178865,349.0596578119014,328.1172491140778,393.1952815556595,376.0224585296864,372.979637044285,355.4356412341859,415.1357024041008,392.4487246902852,290.17904004660045,384.8275565439263,350.27453809736556,338.47089918918437,398.9991077197192,438.15300215572626,443.2719534633714,363.9794431222077,393.308814902229,400.6099720077898,333.7964204994895,419.9297501189838,434.92761770478853
